Date,Symbol,Open,High,Low,Close,Volume
2012-01-01,SBI,406.0,416.0,410.0,416.0,1032.0
2012-01-02,SBI,416.0,430.0,422.0,430.0,592.0
2012-01-03,SBI,430.0,446.0,438.0,439.0,1124.0
2012-01-04,SBI,439.0,431.0,431.0,431.0,86.0
2012-01-05,SBI,431.0,430.0,423.0,423.0,484.0
2012-01-08,SBI,423.0,425.0,421.0,422.0,600.0
2012-01-09,SBI,422.0,430.0,428.0,428.0,503.0
2012-01-10,SBI,428.0,436.0,425.0,436.0,1052.0
2012-01-11,SBI,436.0,444.0,444.0,444.0,20.0
2012-01-12,SBI,444.0,443.0,435.0,439.0,384.0
2012-01-18,SBI,444.0,445.0,445.0,445.0,68.0
2012-01-22,SBI,445.0,446.0,438.0,445.0,1780.0
2012-01-23,SBI,445.0,440.0,440.0,440.0,109.0
2012-01-25,SBI,440.0,432.0,418.0,418.0,268.0
2012-01-26,SBI,418.0,410.0,400.0,400.0,65867.0
2012-01-29,SBI,400.0,424.0,408.0,417.0,293.0
2012-01-31,SBI,417.0,427.0,424.0,427.0,593.0
2012-02-01,SBI,427.0,425.0,425.0,425.0,1569.0
2012-02-05,SBI,425.0,432.0,425.0,426.0,325.0
2012-02-06,SBI,426.0,425.0,420.0,420.0,576.0
2012-02-07,SBI,420.0,428.0,420.0,422.0,491.0
2012-02-08,SBI,422.0,401.0,401.0,401.0,28000.0
2012-02-12,SBI,401.0,420.0,409.0,417.0,925.0
2012-02-13,SBI,417.0,422.0,416.0,421.0,254.0
2012-02-14,SBI,421.0,425.0,420.0,421.0,462.0
2012-02-15,SBI,421.0,416.0,416.0,416.0,328.0
2012-02-16,SBI,416.0,408.0,408.0,408.0,2286.0
2012-02-21,SBI,408.0,416.0,408.0,414.0,2792.0
2012-02-23,SBI,414.0,416.0,408.0,416.0,2130.0
2012-02-26,SBI,416.0,428.0,420.0,422.0,710.0
2012-02-27,SBI,422.0,425.0,412.0,422.0,2776.0
2012-02-28,SBI,422.0,430.0,426.0,430.0,644.0
2012-02-29,SBI,430.0,438.0,425.0,438.0,2511.0
2012-03-01,SBI,438.0,435.0,426.0,435.0,3453.0
2012-03-04,SBI,435.0,434.0,424.0,432.0,3314.0
2012-03-05,SBI,432.0,441.0,425.0,441.0,2697.0
2012-03-06,SBI,441.0,440.0,433.0,440.0,2150.0
2012-03-11,SBI,440.0,435.0,421.0,425.0,3241.0
2012-03-12,SBI,425.0,433.0,421.0,422.0,1486.0
2012-03-13,SBI,422.0,423.0,423.0,423.0,120.0
2012-03-14,SBI,423.0,430.0,425.0,429.0,573.0
2012-03-15,SBI,429.0,425.0,424.0,425.0,564.0
2012-03-18,SBI,425.0,429.0,423.0,426.0,1180.0
2012-03-19,SBI,426.0,429.0,425.0,429.0,238.0
2012-03-20,SBI,429.0,435.0,427.0,427.0,586.0
2012-03-21,SBI,427.0,429.0,419.0,429.0,527.0
2012-03-25,SBI,429.0,422.0,422.0,422.0,730.0
2012-03-26,SBI,422.0,426.0,426.0,426.0,27.0
2012-03-27,SBI,426.0,425.0,419.0,425.0,568.0
2012-03-29,SBI,425.0,426.0,422.0,422.0,200.0
2012-04-01,SBI,422.0,427.0,422.0,425.0,597.0
2012-04-02,SBI,425.0,425.0,424.0,424.0,340.0
2012-04-03,SBI,424.0,428.0,422.0,428.0,658.0
2012-04-04,SBI,428.0,430.0,425.0,427.0,262.0
2012-04-05,SBI,427.0,427.0,427.0,427.0,33.0
2012-04-08,SBI,427.0,442.0,428.0,435.0,1169.0
2012-04-09,SBI,435.0,440.0,439.0,439.0,265.0
2012-04-10,SBI,439.0,464.0,425.0,464.0,2534.0
2012-04-11,SBI,464.0,483.0,455.0,455.0,1562.0
2012-04-12,SBI,455.0,482.0,456.0,475.0,1874.0
2012-04-15,SBI,475.0,512.0,484.0,512.0,1354.0
2012-04-16,SBI,512.0,551.0,520.0,551.0,4480.0
2012-04-17,SBI,551.0,584.0,520.0,520.0,3510.0
2012-04-18,SBI,520.0,555.0,490.0,545.0,2143.0
2012-04-19,SBI,545.0,577.0,545.0,565.0,5585.0
2012-04-22,SBI,565.0,594.0,568.0,590.0,3173.0
2012-04-24,SBI,590.0,649.0,601.0,649.0,3245.0
2012-04-25,SBI,649.0,713.0,661.0,713.0,1132.0
2012-04-26,SBI,713.0,764.0,660.0,712.0,10322.0
2012-04-29,SBI,712.0,720.0,681.0,696.0,5553.0
2012-04-30,SBI,696.0,685.0,652.0,668.0,1541.0
2012-05-02,SBI,668.0,655.0,633.0,633.0,467.0
2012-05-03,SBI,633.0,696.0,645.0,696.0,4084.0
2012-05-07,SBI,696.0,709.0,709.0,709.0,100.0
2012-05-08,SBI,709.0,760.0,670.0,696.0,3949.0
2012-05-09,SBI,696.0,690.0,670.0,672.0,2445.0
2012-05-10,SBI,672.0,672.0,634.0,669.0,6955.0
2012-05-13,SBI,669.0,656.0,615.0,624.0,1522.0
2012-05-14,SBI,624.0,612.0,562.0,570.0,1243.0
2012-05-15,SBI,570.0,627.0,581.0,627.0,925.0
2012-05-16,SBI,627.0,689.0,639.0,689.0,2575.0
2012-05-17,SBI,689.0,724.0,662.0,662.0,6778.0
2012-05-20,SBI,662.0,675.0,638.0,658.0,3350.0
2012-05-21,SBI,658.0,685.0,642.0,679.0,6153.0
2012-05-22,SBI,679.0,669.0,650.0,657.0,5153.0
2012-05-23,SBI,657.0,644.0,600.0,600.0,964.0
2012-05-24,SBI,600.0,660.0,600.0,634.0,4405.0
2012-05-27,SBI,634.0,685.0,625.0,680.0,2938.0
2012-05-29,SBI,680.0,667.0,617.0,617.0,50.0
2012-05-30,SBI,617.0,587.0,556.0,556.0,291.0
2012-05-31,SBI,556.0,576.0,501.0,576.0,6445.0
2012-06-03,SBI,576.0,633.0,587.0,625.0,2391.0
2012-06-04,SBI,625.0,620.0,572.0,584.0,2792.0
2012-06-05,SBI,584.0,573.0,534.0,571.0,2074.0
2012-06-06,SBI,571.0,560.0,547.0,547.0,781.0
2012-06-07,SBI,547.0,571.0,554.0,560.0,823.0
2012-06-10,SBI,560.0,560.0,540.0,544.0,2614.0
2012-06-11,SBI,544.0,558.0,554.0,556.0,512.0
2012-06-12,SBI,556.0,580.0,535.0,565.0,1766.0
2012-06-13,SBI,565.0,564.0,554.0,556.0,906.0
2012-06-14,SBI,556.0,551.0,546.0,551.0,118.0
2012-06-17,SBI,551.0,550.0,540.0,542.0,1497.0
2012-06-18,SBI,542.0,555.0,535.0,555.0,1232.0
2012-06-19,SBI,555.0,552.0,544.0,552.0,2322.0
2012-06-20,SBI,552.0,563.0,554.0,554.0,697.0
2012-06-21,SBI,554.0,560.0,555.0,560.0,744.0
2012-06-25,SBI,560.0,590.0,562.0,590.0,901.0
2012-06-26,SBI,590.0,583.0,572.0,583.0,468.0
2012-06-27,SBI,583.0,609.0,592.0,600.0,2122.0
2012-06-28,SBI,600.0,634.0,610.0,617.0,2758.0
2012-07-01,SBI,617.0,610.0,605.0,610.0,2068.0
2012-07-02,SBI,610.0,619.0,605.0,619.0,976.0
2012-07-03,SBI,619.0,615.0,603.0,605.0,1264.0
2012-07-04,SBI,605.0,622.0,600.0,613.0,1983.0
2012-07-05,SBI,613.0,624.0,613.0,624.0,764.0
2012-07-08,SBI,624.0,630.0,615.0,630.0,1102.0
2012-07-09,SBI,630.0,627.0,618.0,622.0,1236.0
2012-07-10,SBI,622.0,634.0,615.0,630.0,2732.0
2012-07-11,SBI,630.0,644.0,630.0,644.0,1444.0
2012-07-12,SBI,644.0,635.0,623.0,635.0,2910.0
2012-07-16,SBI,635.0,640.0,623.0,623.0,640.0
2012-07-17,SBI,623.0,635.0,628.0,635.0,232.0
2012-07-18,SBI,635.0,636.0,623.0,636.0,222.0
2012-07-19,SBI,636.0,648.0,626.0,626.0,433.0
2012-07-22,SBI,626.0,658.0,626.0,649.0,6510.0
2012-07-23,SBI,649.0,675.0,660.0,662.0,3215.0
2012-07-24,SBI,662.0,660.0,640.0,644.0,3427.0
2012-07-25,SBI,644.0,645.0,639.0,639.0,917.0
2012-07-26,SBI,639.0,644.0,635.0,640.0,2199.0
2012-07-29,SBI,640.0,638.0,628.0,630.0,974.0
2012-07-30,SBI,630.0,632.0,620.0,629.0,1215.0
2012-07-31,SBI,629.0,638.0,615.0,638.0,1911.0
2012-08-01,SBI,638.0,640.0,640.0,640.0,19.0
2012-08-05,SBI,640.0,635.0,620.0,635.0,1702.0
2012-08-06,SBI,635.0,638.0,635.0,635.0,350.0
2012-08-07,SBI,635.0,645.0,635.0,635.0,326.0
2012-08-08,SBI,635.0,631.0,619.0,619.0,514.0
2012-08-12,SBI,619.0,619.0,600.0,611.0,1252.0
2012-08-13,SBI,611.0,622.0,608.0,622.0,390.0
2012-08-14,SBI,622.0,610.0,593.0,595.0,1030.0
2012-08-15,SBI,595.0,595.0,569.0,569.0,1008.0
2012-08-16,SBI,569.0,596.0,558.0,595.0,1398.0
2012-08-22,SBI,595.0,599.0,577.0,577.0,398.0
2012-08-23,SBI,577.0,584.0,576.0,580.0,2921.0
2012-08-26,SBI,580.0,571.0,564.0,564.0,10526.0
2012-08-27,SBI,564.0,584.0,574.0,584.0,445.0
2012-08-28,SBI,584.0,590.0,580.0,590.0,780.0
2012-08-29,SBI,590.0,585.0,579.0,585.0,546.0
2012-08-30,SBI,585.0,576.0,569.0,570.0,782.0
2012-09-02,SBI,570.0,580.0,561.0,580.0,1468.0
2012-09-03,SBI,580.0,570.0,563.0,570.0,309.0
2012-09-04,SBI,570.0,581.0,575.0,575.0,607.0
2012-09-05,SBI,575.0,570.0,560.0,569.0,1297.0
2012-09-06,SBI,569.0,590.0,570.0,580.0,2469.0
2012-09-09,SBI,580.0,575.0,570.0,570.0,4314.0
2012-09-10,SBI,570.0,580.0,558.0,580.0,1250.0
2012-09-11,SBI,580.0,584.0,580.0,581.0,1265.0
2012-09-12,SBI,581.0,582.0,580.0,580.0,174.0
2012-09-13,SBI,580.0,586.0,583.0,586.0,351.0
2012-09-16,SBI,586.0,585.0,575.0,583.0,1845.0
2012-09-17,SBI,583.0,585.0,579.0,579.0,1620.0
2012-09-18,SBI,579.0,601.0,590.0,600.0,1561.0
2012-09-19,SBI,600.0,600.0,595.0,595.0,435.0
2012-09-20,SBI,595.0,590.0,588.0,589.0,844.0
2012-09-23,SBI,589.0,580.0,570.0,579.0,730.0
2012-09-24,SBI,579.0,590.0,570.0,570.0,2421.0
2012-09-25,SBI,570.0,583.0,566.0,583.0,1097.0
2012-09-26,SBI,583.0,578.0,568.0,578.0,2101.0
2012-09-27,SBI,578.0,575.0,559.0,571.0,1861.0
2012-09-30,SBI,571.0,560.0,560.0,560.0,100.0
2012-10-01,SBI,560.0,500.0,498.0,499.0,742.0
2012-10-02,SBI,499.0,490.0,485.0,485.0,488.0
2012-10-03,SBI,485.0,494.0,487.0,494.0,502.0
2012-10-04,SBI,494.0,494.0,494.0,494.0,216.0
2012-10-07,SBI,494.0,494.0,476.0,494.0,1649.0
2012-10-08,SBI,494.0,513.0,503.0,513.0,528.0
2012-10-09,SBI,513.0,525.0,515.0,525.0,989.0
2012-10-11,SBI,525.0,527.0,527.0,527.0,880.0
2012-10-14,SBI,527.0,527.0,517.0,517.0,563.0
2012-10-17,SBI,517.0,527.0,527.0,527.0,929.0
2012-10-18,SBI,527.0,517.0,500.0,511.0,4821.0
2012-10-30,SBI,511.0,562.0,521.0,562.0,1103.0
2012-10-31,SBI,562.0,595.0,573.0,588.0,1646.0
2012-11-01,SBI,588.0,599.0,569.0,580.0,5167.0
2012-11-04,SBI,580.0,596.0,581.0,596.0,2819.0
2012-11-05,SBI,596.0,643.0,607.0,643.0,325.0
2012-11-06,SBI,643.0,643.0,619.0,641.0,5045.0
2012-11-07,SBI,641.0,665.0,645.0,655.0,5503.0
2012-11-08,SBI,655.0,700.0,656.0,677.0,9890.0
2012-11-11,SBI,677.0,665.0,638.0,638.0,1631.0
2012-11-12,SBI,638.0,663.0,630.0,650.0,2937.0
2012-11-18,SBI,650.0,675.0,650.0,670.0,2672.0
2012-11-20,SBI,670.0,695.0,670.0,676.0,1632.0
2012-11-21,SBI,676.0,696.0,632.0,665.0,5137.0
2012-11-22,SBI,665.0,677.0,650.0,663.0,7652.0
2012-11-25,SBI,663.0,690.0,657.0,664.0,5535.0
2012-11-26,SBI,664.0,671.0,651.0,665.0,30501.0
2012-11-27,SBI,665.0,664.0,651.0,660.0,5723.0
2012-11-28,SBI,660.0,675.0,662.0,675.0,8504.0
2012-11-29,SBI,675.0,678.0,660.0,672.0,3901.0
2012-12-02,SBI,672.0,660.0,653.0,653.0,553.0
2012-12-03,SBI,653.0,654.0,640.0,654.0,4716.0
2012-12-04,SBI,654.0,680.0,660.0,674.0,5001.0
2012-12-05,SBI,674.0,703.0,684.0,703.0,11532.0
2012-12-06,SBI,703.0,714.0,678.0,706.0,10375.0
2012-12-09,SBI,706.0,700.0,677.0,680.0,7943.0
2012-12-10,SBI,680.0,691.0,667.0,690.0,3596.0
2012-12-11,SBI,690.0,695.0,685.0,686.0,4447.0
2012-12-13,SBI,686.0,708.0,693.0,705.0,2303.0
2012-12-16,SBI,705.0,743.0,692.0,743.0,10100.0
2012-12-17,SBI,743.0,790.0,742.0,770.0,21384.0
2012-12-18,SBI,770.0,769.0,737.0,751.0,15992.0
2012-12-19,SBI,751.0,794.0,766.0,776.0,5833.0
2012-12-20,SBI,776.0,791.0,773.0,786.0,8155.0
2012-12-23,SBI,786.0,805.0,786.0,805.0,7129.0
2012-12-24,SBI,805.0,851.0,805.0,846.0,6007.0
2012-12-26,SBI,846.0,872.0,846.0,870.0,7723.0
2012-12-27,SBI,870.0,901.0,875.0,885.0,5812.0
2012-12-31,SBI,885.0,890.0,855.0,860.0,4806.0
2013-01-01,SBI,860.0,877.0,845.0,854.0,3590.0
2013-01-02,SBI,854.0,856.0,836.0,850.0,7502.0
2013-01-03,SBI,850.0,867.0,850.0,859.0,5169.0
2013-01-06,SBI,859.0,876.0,843.0,846.0,5622.0
2013-01-07,SBI,846.0,862.0,831.0,844.0,10601.0
2013-01-08,SBI,844.0,841.0,835.0,835.0,696.0
2013-01-09,SBI,835.0,830.0,820.0,821.0,5524.0
2013-01-10,SBI,821.0,845.0,815.0,835.0,10682.0
2013-01-13,SBI,835.0,851.0,835.0,851.0,6423.0
2013-01-15,SBI,851.0,876.0,850.0,862.0,9233.0
2013-01-16,SBI,862.0,860.0,850.0,852.0,5302.0
2013-01-17,SBI,852.0,850.0,830.0,838.0,2528.0
2013-01-20,SBI,838.0,830.0,790.0,796.0,4249.0
2013-01-21,SBI,796.0,830.0,796.0,818.0,6157.0
2013-01-22,SBI,818.0,834.0,810.0,827.0,4047.0
2013-01-23,SBI,827.0,829.0,811.0,826.0,3408.0
2013-01-24,SBI,826.0,821.0,808.0,821.0,3261.0
2013-01-27,SBI,821.0,814.0,800.0,814.0,2589.0
2013-01-28,SBI,814.0,817.0,810.0,810.0,4501.0
2013-01-30,SBI,810.0,821.0,800.0,821.0,6525.0
2013-01-31,SBI,821.0,840.0,800.0,840.0,10168.0
2013-02-03,SBI,840.0,841.0,820.0,830.0,2109.0
2013-02-04,SBI,830.0,846.0,816.0,822.0,527.0
2013-02-05,SBI,822.0,851.0,823.0,829.0,4697.0
2013-02-06,SBI,829.0,821.0,814.0,820.0,818.0
2013-02-07,SBI,820.0,820.0,810.0,820.0,1276.0
2013-02-10,SBI,820.0,820.0,811.0,818.0,1595.0
2013-02-12,SBI,818.0,877.0,834.0,877.0,2468.0
2013-02-13,SBI,877.0,860.0,847.0,851.0,1215.0
2013-02-14,SBI,851.0,864.0,840.0,850.0,7017.0
2013-02-17,SBI,850.0,919.0,867.0,905.0,7973.0
2013-02-19,SBI,905.0,959.0,869.0,870.0,10406.0
2013-02-20,SBI,870.0,865.0,837.0,850.0,1875.0
2013-02-21,SBI,850.0,877.0,848.0,865.0,3423.0
2013-02-24,SBI,865.0,855.0,836.0,852.0,2493.0
2013-02-25,SBI,852.0,886.0,853.0,868.0,3774.0
2013-02-26,SBI,868.0,885.0,868.0,870.0,1284.0
2013-02-27,SBI,870.0,854.0,837.0,837.0,783.0
2013-02-28,SBI,837.0,880.0,840.0,874.0,986.0
2013-03-03,SBI,874.0,876.0,862.0,862.0,3544.0
2013-03-04,SBI,862.0,875.0,857.0,875.0,4577.0
2013-03-05,SBI,875.0,870.0,858.0,865.0,1418.0
2013-03-06,SBI,865.0,870.0,863.0,864.0,3035.0
2013-03-07,SBI,864.0,870.0,860.0,864.0,3040.0
2013-03-11,SBI,864.0,875.0,859.0,869.0,5361.0
2013-03-13,SBI,869.0,882.0,860.0,878.0,7256.0
2013-03-14,SBI,878.0,900.0,860.0,876.0,5173.0
2013-03-17,SBI,876.0,860.0,850.0,853.0,2674.0
2013-03-18,SBI,853.0,857.0,841.0,851.0,1122.0
2013-03-19,SBI,851.0,860.0,846.0,858.0,1775.0
2013-03-20,SBI,858.0,860.0,840.0,841.0,3855.0
2013-03-21,SBI,841.0,846.0,840.0,840.0,2059.0
2013-03-24,SBI,840.0,838.0,815.0,838.0,16454.0
2013-03-25,SBI,838.0,845.0,830.0,845.0,2026.0
2013-03-27,SBI,845.0,861.0,835.0,840.0,1334.0
2013-03-28,SBI,840.0,835.0,820.0,835.0,4685.0
2013-03-31,SBI,835.0,822.0,804.0,805.0,4621.0
2013-04-01,SBI,805.0,815.0,785.0,810.0,4452.0
2013-04-02,SBI,810.0,830.0,803.0,830.0,2028.0
2013-04-03,SBI,830.0,842.0,810.0,828.0,2423.0
2013-04-04,SBI,828.0,830.0,820.0,821.0,2144.0
2013-04-07,SBI,821.0,833.0,800.0,828.0,3650.0
2013-04-08,SBI,828.0,828.0,821.0,828.0,2325.0
2013-04-09,SBI,828.0,839.0,822.0,832.0,2766.0
2013-04-11,SBI,832.0,847.0,816.0,842.0,3252.0
2013-04-15,SBI,842.0,859.0,846.0,852.0,5901.0
2013-04-16,SBI,852.0,854.0,845.0,854.0,3495.0
2013-04-17,SBI,854.0,869.0,845.0,855.0,7596.0
2013-04-18,SBI,855.0,872.0,850.0,872.0,2350.0
2013-04-21,SBI,872.0,855.0,820.0,832.0,3515.0
2013-04-22,SBI,832.0,864.0,816.0,846.0,7452.0
2013-04-23,SBI,846.0,855.0,836.0,847.0,13849.0
2013-04-25,SBI,847.0,850.0,824.0,840.0,2405.0
2013-04-28,SBI,840.0,840.0,826.0,831.0,6156.0
2013-04-29,SBI,831.0,838.0,820.0,837.0,3066.0
2013-04-30,SBI,837.0,836.0,830.0,833.0,4314.0
2013-05-02,SBI,833.0,823.0,808.0,816.0,4721.0
2013-05-05,SBI,816.0,820.0,800.0,805.0,1476.0
2013-05-06,SBI,805.0,802.0,791.0,800.0,2058.0
2013-05-07,SBI,800.0,831.0,775.0,821.0,5414.0
2013-05-08,SBI,821.0,821.0,810.0,813.0,4447.0
2013-05-09,SBI,813.0,810.0,801.0,810.0,587.0
2013-05-12,SBI,810.0,820.0,800.0,810.0,1487.0
2013-05-13,SBI,810.0,815.0,802.0,812.0,2893.0
2013-05-14,SBI,812.0,818.0,800.0,818.0,2063.0
2013-05-15,SBI,818.0,831.0,818.0,825.0,674.0
2013-05-16,SBI,825.0,840.0,828.0,830.0,963.0
2013-05-19,SBI,830.0,841.0,814.0,828.0,3373.0
2013-05-20,SBI,828.0,842.0,820.0,820.0,4006.0
2013-05-21,SBI,820.0,826.0,815.0,821.0,2479.0
2013-05-22,SBI,821.0,833.0,816.0,820.0,3909.0
2013-05-23,SBI,820.0,820.0,817.0,817.0,1167.0
2013-05-26,SBI,817.0,825.0,815.0,825.0,3228.0
2013-05-27,SBI,825.0,827.0,820.0,827.0,300.0
2013-05-28,SBI,827.0,833.0,828.0,831.0,1652.0
2013-05-30,SBI,831.0,832.0,820.0,825.0,2214.0
2013-06-02,SBI,825.0,825.0,811.0,820.0,4095.0
2013-06-03,SBI,820.0,821.0,820.0,820.0,142.0
2013-06-04,SBI,820.0,827.0,812.0,822.0,2453.0
2013-06-05,SBI,822.0,824.0,819.0,824.0,2001.0
2013-06-06,SBI,824.0,825.0,821.0,824.0,1476.0
2013-06-09,SBI,824.0,825.0,818.0,820.0,1341.0
2013-06-10,SBI,820.0,824.0,814.0,817.0,1735.0
2013-06-11,SBI,817.0,818.0,814.0,817.0,1608.0
2013-06-12,SBI,817.0,822.0,810.0,821.0,2800.0
2013-06-13,SBI,821.0,820.0,810.0,815.0,1783.0
2013-06-16,SBI,815.0,813.0,811.0,813.0,462.0
2013-06-17,SBI,813.0,824.0,816.0,824.0,132.0
2013-06-18,SBI,824.0,824.0,801.0,811.0,1083.0
2013-06-19,SBI,811.0,813.0,806.0,813.0,1415.0
2013-06-20,SBI,813.0,816.0,811.0,816.0,2695.0
2013-06-23,SBI,816.0,814.0,808.0,808.0,1955.0
2013-06-24,SBI,808.0,815.0,810.0,815.0,1176.0
2013-06-25,SBI,815.0,822.0,812.0,822.0,1508.0
2013-06-26,SBI,822.0,839.0,829.0,830.0,2130.0
2013-06-27,SBI,830.0,830.0,820.0,824.0,898.0
2013-06-30,SBI,824.0,819.0,815.0,816.0,3756.0
2013-07-01,SBI,816.0,822.0,815.0,821.0,2871.0
2013-07-02,SBI,821.0,830.0,818.0,820.0,1279.0
2013-07-03,SBI,820.0,829.0,817.0,829.0,1730.0
2013-07-04,SBI,829.0,850.0,820.0,835.0,9922.0
2013-07-07,SBI,835.0,831.0,816.0,830.0,1269.0
2013-07-08,SBI,830.0,849.0,830.0,849.0,1058.0
2013-07-09,SBI,849.0,859.0,842.0,850.0,948.0
2013-07-10,SBI,850.0,856.0,854.0,855.0,811.0
2013-07-11,SBI,855.0,860.0,845.0,860.0,4129.0
2013-07-14,SBI,860.0,855.0,850.0,850.0,2081.0
2013-07-15,SBI,850.0,850.0,836.0,850.0,435.0
2013-07-16,SBI,850.0,852.0,850.0,852.0,108.0
2013-07-17,SBI,852.0,850.0,835.0,850.0,1134.0
2013-07-18,SBI,850.0,871.0,840.0,865.0,7711.0
2013-07-21,SBI,865.0,898.0,872.0,894.0,5700.0
2013-07-22,SBI,894.0,877.0,860.0,875.0,281.0
2013-07-23,SBI,875.0,890.0,855.0,865.0,1371.0
2013-07-24,SBI,865.0,860.0,845.0,860.0,809.0
2013-07-25,SBI,860.0,856.0,848.0,856.0,1587.0
2013-07-28,SBI,856.0,860.0,850.0,860.0,856.0
2013-07-29,SBI,860.0,869.0,855.0,856.0,1853.0
2013-07-30,SBI,856.0,870.0,857.0,865.0,3076.0
2013-07-31,SBI,865.0,883.0,860.0,880.0,9898.0
2013-08-01,SBI,880.0,899.0,870.0,882.0,2220.0
2013-08-04,SBI,882.0,889.0,870.0,875.0,5465.0
2013-08-05,SBI,875.0,879.0,863.0,870.0,2523.0
2013-08-06,SBI,870.0,871.0,855.0,865.0,2252.0
2013-08-07,SBI,865.0,880.0,860.0,866.0,3826.0
2013-08-08,SBI,866.0,867.0,861.0,861.0,3781.0
2013-08-11,SBI,861.0,861.0,855.0,857.0,3087.0
2013-08-12,SBI,857.0,851.0,840.0,846.0,4033.0
2013-08-13,SBI,846.0,844.0,840.0,844.0,2800.0
2013-08-14,SBI,844.0,850.0,830.0,850.0,1662.0
2013-08-15,SBI,850.0,850.0,840.0,840.0,2578.0
2013-08-18,SBI,840.0,844.0,832.0,832.0,505.0
2013-08-19,SBI,832.0,845.0,830.0,845.0,682.0
2013-08-20,SBI,845.0,850.0,840.0,850.0,1932.0
2013-08-25,SBI,850.0,855.0,840.0,840.0,1344.0
2013-08-26,SBI,840.0,846.0,840.0,842.0,1250.0
2013-08-27,SBI,842.0,845.0,841.0,845.0,2839.0
2013-08-29,SBI,845.0,850.0,839.0,847.0,3374.0
2013-09-01,SBI,847.0,845.0,835.0,845.0,2092.0
2013-09-02,SBI,845.0,852.0,835.0,842.0,13001.0
2013-09-03,SBI,842.0,844.0,840.0,841.0,6713.0
2013-09-04,SBI,841.0,841.0,835.0,841.0,2611.0
2013-09-05,SBI,841.0,844.0,839.0,840.0,2807.0
2013-09-08,SBI,840.0,843.0,838.0,841.0,1556.0
2013-09-09,SBI,841.0,842.0,838.0,838.0,1669.0
2013-09-10,SBI,838.0,850.0,839.0,839.0,5070.0
2013-09-11,SBI,839.0,845.0,823.0,845.0,2505.0
2013-09-12,SBI,845.0,846.0,837.0,840.0,3122.0
2013-09-15,SBI,840.0,850.0,845.0,850.0,4586.0
2013-09-16,SBI,850.0,851.0,849.0,851.0,1011.0
2013-09-17,SBI,851.0,850.0,840.0,845.0,1346.0
2013-09-19,SBI,845.0,860.0,835.0,860.0,5654.0
2013-09-22,SBI,860.0,845.0,837.0,845.0,5545.0
2013-09-23,SBI,845.0,844.0,838.0,843.0,2213.0
2013-09-24,SBI,843.0,842.0,835.0,840.0,5387.0
2013-09-25,SBI,840.0,761.0,735.0,735.0,239.0
2013-09-26,SBI,735.0,725.0,720.0,725.0,1253.0
2013-09-29,SBI,725.0,724.0,706.0,710.0,2069.0
2013-09-30,SBI,710.0,714.0,710.0,710.0,2261.0
2013-10-01,SBI,710.0,720.0,702.0,720.0,1292.0
2013-10-02,SBI,720.0,720.0,718.0,720.0,26.0
2013-10-03,SBI,720.0,720.0,715.0,715.0,603.0
2013-10-06,SBI,715.0,740.0,715.0,740.0,506.0
2013-10-07,SBI,740.0,743.0,743.0,743.0,213.0
2013-10-08,SBI,743.0,755.0,743.0,755.0,798.0
2013-10-09,SBI,755.0,750.0,750.0,750.0,196.0
2013-10-10,SBI,750.0,794.0,765.0,794.0,476.0
2013-10-17,SBI,794.0,790.0,790.0,790.0,105.0
2013-10-20,SBI,790.0,790.0,778.0,790.0,1123.0
2013-10-21,SBI,790.0,802.0,785.0,795.0,2345.0
2013-10-22,SBI,795.0,790.0,790.0,790.0,115.0
2013-10-23,SBI,790.0,780.0,780.0,780.0,121.0
2013-10-24,SBI,780.0,780.0,775.0,780.0,168.0
2013-10-27,SBI,780.0,770.0,735.0,749.0,1430.0
2013-10-28,SBI,749.0,750.0,740.0,740.0,3235.0
2013-10-29,SBI,740.0,740.0,732.0,732.0,144.0
2013-10-30,SBI,732.0,760.0,745.0,745.0,2072.0
2013-10-31,SBI,745.0,795.0,755.0,795.0,1277.0
2013-11-06,SBI,795.0,795.0,795.0,795.0,4093.0
2013-11-11,SBI,795.0,780.0,773.0,780.0,2083.0
2013-11-12,SBI,780.0,785.0,770.0,785.0,3093.0
2013-11-13,SBI,785.0,800.0,785.0,790.0,8015.0
2013-11-14,SBI,790.0,785.0,775.0,784.0,2827.0
2013-11-24,SBI,784.0,862.0,799.0,862.0,8542.0
2013-11-25,SBI,862.0,869.0,830.0,840.0,4741.0
2013-11-26,SBI,840.0,850.0,834.0,840.0,3106.0
2013-11-27,SBI,840.0,845.0,840.0,841.0,2418.0
2013-11-28,SBI,841.0,838.0,828.0,830.0,3293.0
2013-12-01,SBI,830.0,836.0,830.0,835.0,517.0
2013-12-02,SBI,835.0,851.0,835.0,850.0,1000.0
2013-12-03,SBI,850.0,855.0,845.0,850.0,1614.0
2013-12-04,SBI,850.0,915.0,850.0,870.0,3134.0
2013-12-05,SBI,870.0,904.0,855.0,858.0,5128.0
2013-12-08,SBI,858.0,875.0,840.0,855.0,3255.0
2013-12-09,SBI,855.0,871.0,851.0,865.0,2597.0
2013-12-10,SBI,865.0,870.0,850.0,860.0,1199.0
2013-12-11,SBI,860.0,895.0,867.0,895.0,18793.0
2013-12-12,SBI,895.0,913.0,892.0,900.0,5764.0
2013-12-15,SBI,900.0,935.0,900.0,934.0,12070.0
2013-12-16,SBI,934.0,1027.0,952.0,1022.0,3956.0
2013-12-18,SBI,1022.0,1122.0,1042.0,1120.0,11147.0
2013-12-19,SBI,1120.0,1160.0,1016.0,1160.0,11677.0
2013-12-22,SBI,1160.0,1200.0,1113.0,1160.0,21282.0
2013-12-23,SBI,1160.0,1142.0,1098.0,1098.0,10215.0
2013-12-24,SBI,1098.0,1150.0,1055.0,1110.0,12971.0
2013-12-26,SBI,1110.0,1177.0,1100.0,1110.0,9271.0
2013-12-29,SBI,1110.0,1130.0,1095.0,1115.0,5324.0
2013-12-31,SBI,1115.0,1120.0,1100.0,1100.0,5274.0
2014-01-01,SBI,1100.0,1100.0,1080.0,1086.0,4591.0
2014-01-02,SBI,1086.0,1086.0,1002.0,1080.0,6012.0
2014-01-05,SBI,1080.0,1086.0,1059.0,1080.0,3014.0
2014-01-06,SBI,1080.0,1095.0,1070.0,1082.0,1620.0
2014-01-07,SBI,1082.0,1090.0,1060.0,1085.0,3103.0
2014-01-08,SBI,1085.0,1105.0,1080.0,1100.0,3565.0
2014-01-09,SBI,1100.0,1120.0,1081.0,1094.0,3481.0
2014-01-12,SBI,1094.0,1130.0,1100.0,1130.0,8914.0
2014-01-13,SBI,1130.0,1125.0,1100.0,1110.0,5371.0
2014-01-14,SBI,1110.0,1120.0,1095.0,1115.0,4405.0
2014-01-16,SBI,1115.0,1142.0,1110.0,1122.0,5480.0
2014-01-19,SBI,1122.0,1119.0,1095.0,1119.0,3647.0
2014-01-20,SBI,1119.0,1105.0,1075.0,1075.0,3889.0
2014-01-21,SBI,1075.0,1090.0,1070.0,1080.0,2645.0
2014-01-22,SBI,1080.0,1100.0,1072.0,1072.0,2809.0
2014-01-23,SBI,1072.0,1089.0,1070.0,1089.0,2345.0
2014-01-26,SBI,1089.0,1100.0,1060.0,1070.0,2448.0
2014-01-27,SBI,1070.0,1070.0,1051.0,1053.0,959.0
2014-01-28,SBI,1053.0,1060.0,1060.0,1060.0,681.0
2014-01-29,SBI,1060.0,1060.0,1040.0,1041.0,4420.0
2014-02-02,SBI,1041.0,1045.0,1025.0,1041.0,472.0
2014-02-03,SBI,1041.0,1021.0,991.0,1000.0,5463.0
2014-02-04,SBI,1000.0,1025.0,1006.0,1025.0,3281.0
2014-02-05,SBI,1025.0,1050.0,1020.0,1042.0,3124.0
2014-02-06,SBI,1042.0,1059.0,1010.0,1059.0,4409.0
2014-02-09,SBI,1059.0,1060.0,1040.0,1040.0,987.0
2014-02-10,SBI,1040.0,1100.0,1038.0,1038.0,8019.0
2014-02-11,SBI,1038.0,1050.0,1020.0,1045.0,3314.0
2014-02-12,SBI,1045.0,1039.0,1025.0,1035.0,2409.0
2014-02-13,SBI,1035.0,1042.0,1020.0,1032.0,2929.0
2014-02-16,SBI,1032.0,1048.0,1020.0,1030.0,1963.0
2014-02-17,SBI,1030.0,1045.0,1020.0,1020.0,2195.0
2014-02-18,SBI,1020.0,1040.0,1025.0,1035.0,5725.0
2014-02-20,SBI,1035.0,1048.0,1025.0,1030.0,2349.0
2014-02-23,SBI,1030.0,1069.0,1040.0,1040.0,1971.0
2014-02-24,SBI,1040.0,1080.0,1042.0,1042.0,1181.0
2014-02-25,SBI,1042.0,1045.0,1021.0,1021.0,4128.0
2014-02-26,SBI,1021.0,1041.0,1005.0,1017.0,3599.0
2014-03-03,SBI,1017.0,1035.0,1000.0,1005.0,2346.0
2014-03-04,SBI,1005.0,1015.0,971.0,1015.0,6471.0
2014-03-05,SBI,1015.0,1019.0,1000.0,1009.0,5523.0
2014-03-06,SBI,1009.0,1025.0,1000.0,1000.0,3836.0
2014-03-09,SBI,1000.0,990.0,980.0,985.0,666.0
2014-03-10,SBI,985.0,985.0,960.0,970.0,1161.0
2014-03-11,SBI,970.0,984.0,946.0,965.0,4580.0
2014-03-12,SBI,965.0,965.0,945.0,953.0,9918.0
2014-03-13,SBI,953.0,982.0,956.0,960.0,706.0
2014-03-17,SBI,960.0,950.0,930.0,950.0,7471.0
2014-03-18,SBI,950.0,950.0,936.0,950.0,4345.0
2014-03-19,SBI,950.0,969.0,934.0,945.0,4043.0
2014-03-20,SBI,945.0,960.0,936.0,948.0,5476.0
2014-03-23,SBI,948.0,954.0,932.0,950.0,2111.0
2014-03-24,SBI,950.0,970.0,950.0,970.0,3103.0
2014-03-25,SBI,970.0,971.0,960.0,965.0,2466.0
2014-03-26,SBI,965.0,970.0,951.0,961.0,3957.0
2014-03-27,SBI,961.0,965.0,947.0,965.0,3236.0
2014-03-31,SBI,965.0,980.0,950.0,980.0,4734.0
2014-04-01,SBI,980.0,998.0,981.0,985.0,4141.0
2014-04-02,SBI,985.0,990.0,967.0,967.0,3215.0
2014-04-03,SBI,967.0,995.0,969.0,980.0,1687.0
2014-04-06,SBI,980.0,982.0,970.0,979.0,1850.0
2014-04-07,SBI,979.0,975.0,960.0,971.0,4103.0
2014-04-09,SBI,971.0,972.0,956.0,971.0,3576.0
2014-04-10,SBI,971.0,982.0,972.0,982.0,2044.0
2014-04-13,SBI,982.0,1000.0,963.0,990.0,1406.0
2014-04-15,SBI,990.0,1008.0,980.0,995.0,5651.0
2014-04-16,SBI,995.0,1001.0,993.0,997.0,5021.0
2014-04-17,SBI,997.0,1000.0,980.0,995.0,4663.0
2014-04-20,SBI,995.0,1000.0,994.0,1000.0,2968.0
2014-04-21,SBI,1000.0,1001.0,980.0,990.0,8347.0
2014-04-22,SBI,990.0,990.0,973.0,980.0,3613.0
2014-04-23,SBI,980.0,999.0,980.0,999.0,8682.0
2014-04-27,SBI,999.0,990.0,975.0,975.0,1514.0
2014-04-28,SBI,975.0,980.0,970.0,970.0,6557.0
2014-04-29,SBI,970.0,989.0,960.0,972.0,1919.0
2014-04-30,SBI,972.0,982.0,973.0,975.0,1148.0
2014-05-04,SBI,975.0,978.0,970.0,975.0,3050.0
2014-05-05,SBI,975.0,1002.0,985.0,1000.0,3115.0
2014-05-06,SBI,1000.0,1050.0,1000.0,1050.0,5190.0
2014-05-07,SBI,1050.0,1071.0,1020.0,1020.0,3471.0
2014-05-08,SBI,1020.0,1055.0,1020.0,1035.0,3259.0
2014-05-11,SBI,1035.0,1031.0,1009.0,1015.0,3797.0
2014-05-12,SBI,1015.0,1015.0,957.0,1012.0,28775.0
2014-05-13,SBI,1012.0,1032.0,1012.0,1025.0,1822.0
2014-05-15,SBI,1025.0,1030.0,1015.0,1015.0,1443.0
2014-05-18,SBI,1015.0,1030.0,1010.0,1012.0,2266.0
2014-05-19,SBI,1012.0,1023.0,1002.0,1013.0,2121.0
2014-05-20,SBI,1013.0,1020.0,995.0,1004.0,935.0
2014-05-21,SBI,1004.0,1030.0,1010.0,1030.0,2554.0
2014-05-22,SBI,1030.0,1036.0,1015.0,1036.0,967.0
2014-05-25,SBI,1036.0,1053.0,1030.0,1050.0,4126.0
2014-05-26,SBI,1050.0,1055.0,1035.0,1050.0,9182.0
2014-05-27,SBI,1050.0,1051.0,1042.0,1050.0,4077.0
2014-05-28,SBI,1050.0,1070.0,1040.0,1060.0,4875.0
2014-06-01,SBI,1060.0,1072.0,1055.0,1062.0,3031.0
2014-06-02,SBI,1062.0,1080.0,1065.0,1075.0,4050.0
2014-06-03,SBI,1075.0,1105.0,1055.0,1090.0,5249.0
2014-06-04,SBI,1090.0,1097.0,1060.0,1086.0,6641.0
2014-06-05,SBI,1086.0,1103.0,1065.0,1101.0,4855.0
2014-06-08,SBI,1101.0,1120.0,1100.0,1101.0,7937.0
2014-06-09,SBI,1101.0,1127.0,1115.0,1125.0,4285.0
2014-06-10,SBI,1125.0,1150.0,1103.0,1144.0,9320.0
2014-06-11,SBI,1144.0,1177.0,1149.0,1168.0,13384.0
2014-06-12,SBI,1168.0,1193.0,1170.0,1193.0,10438.0
2014-06-15,SBI,1193.0,1279.0,1215.0,1260.0,10401.0
2014-06-16,SBI,1260.0,1306.0,1260.0,1294.0,8186.0
2014-06-17,SBI,1294.0,1300.0,1246.0,1283.0,7339.0
2014-06-18,SBI,1283.0,1305.0,1258.0,1258.0,4353.0
2014-06-19,SBI,1258.0,1272.0,1255.0,1255.0,4954.0
2014-06-23,SBI,1255.0,1280.0,1245.0,1250.0,1860.0
2014-06-24,SBI,1250.0,1240.0,1230.0,1235.0,3100.0
2014-06-25,SBI,1235.0,1249.0,1230.0,1237.0,7526.0
2014-06-26,SBI,1237.0,1255.0,1236.0,1245.0,2842.0
2014-06-29,SBI,1245.0,1305.0,1260.0,1285.0,10013.0
2014-06-30,SBI,1285.0,1294.0,1250.0,1294.0,7971.0
2014-07-01,SBI,1294.0,1293.0,1260.0,1285.0,1541.0
2014-07-02,SBI,1285.0,1275.0,1255.0,1263.0,6262.0
2014-07-03,SBI,1263.0,1285.0,1245.0,1285.0,4883.0
2014-07-06,SBI,1285.0,1290.0,1272.0,1279.0,2463.0
2014-07-07,SBI,1279.0,1280.0,1240.0,1260.0,2451.0
2014-07-08,SBI,1260.0,1315.0,1240.0,1300.0,5543.0
2014-07-09,SBI,1300.0,1300.0,1280.0,1290.0,2377.0
2014-07-10,SBI,1290.0,1304.0,1264.0,1298.0,8044.0
2014-07-13,SBI,1298.0,1354.0,1277.0,1295.0,12796.0
2014-07-14,SBI,1295.0,1290.0,1250.0,1280.0,4167.0
2014-07-15,SBI,1280.0,1277.0,1260.0,1265.0,1248.0
2014-07-16,SBI,1265.0,1300.0,1272.0,1280.0,8534.0
2014-07-17,SBI,1280.0,1285.0,1265.0,1280.0,2798.0
2014-07-20,SBI,1280.0,1305.0,1270.0,1305.0,11145.0
2014-07-21,SBI,1305.0,1338.0,1292.0,1300.0,5159.0
2014-07-22,SBI,1300.0,1300.0,1270.0,1285.0,7134.0
2014-07-23,SBI,1285.0,1290.0,1270.0,1282.0,7306.0
2014-07-24,SBI,1282.0,1285.0,1260.0,1282.0,9424.0
2014-07-27,SBI,1282.0,1278.0,1271.0,1275.0,1337.0
2014-07-28,SBI,1275.0,1275.0,1265.0,1269.0,1023.0
2014-07-30,SBI,1269.0,1270.0,1250.0,1250.0,2035.0
2014-07-31,SBI,1250.0,1266.0,1245.0,1250.0,3611.0
2014-08-03,SBI,1250.0,1250.0,1215.0,1250.0,2375.0
2014-08-04,SBI,1250.0,1250.0,1220.0,1226.0,5392.0
2014-08-05,SBI,1226.0,1250.0,1210.0,1240.0,5417.0
2014-08-06,SBI,1240.0,1240.0,1220.0,1234.0,2697.0
2014-08-07,SBI,1234.0,1240.0,1200.0,1225.0,5697.0
2014-08-12,SBI,1225.0,1210.0,1189.0,1200.0,2699.0
2014-08-13,SBI,1200.0,1224.0,1190.0,1190.0,6265.0
2014-08-14,SBI,1190.0,1210.0,1190.0,1210.0,4404.0
2014-08-18,SBI,1210.0,1195.0,1169.0,1172.0,2671.0
2014-08-19,SBI,1172.0,1190.0,1165.0,1182.0,5147.0
2014-08-20,SBI,1182.0,1182.0,1156.0,1156.0,1973.0
2014-08-21,SBI,1156.0,1179.0,1110.0,1175.0,4227.0
2014-08-24,SBI,1175.0,1180.0,1152.0,1175.0,1758.0
2014-08-25,SBI,1175.0,1185.0,1100.0,1139.0,7180.0
2014-08-26,SBI,1139.0,1125.0,1082.0,1082.0,1713.0
2014-08-27,SBI,1082.0,1155.0,1075.0,1098.0,7604.0
2014-08-28,SBI,1098.0,1119.0,1095.0,1100.0,8807.0
2014-08-31,SBI,1100.0,1122.0,1080.0,1099.0,9087.0
2014-09-01,SBI,1099.0,1085.0,1060.0,1085.0,3396.0
2014-09-03,SBI,1085.0,1087.0,1068.0,1068.0,2098.0
2014-09-04,SBI,1068.0,1069.0,1020.0,1030.0,1816.0
2014-09-07,SBI,1030.0,1050.0,936.0,936.0,7021.0
2014-09-09,SBI,936.0,1008.0,952.0,1008.0,3176.0
2014-09-10,SBI,1008.0,1089.0,983.0,1001.0,8480.0
2014-09-11,SBI,1001.0,1015.0,992.0,1015.0,1324.0
2014-09-14,SBI,1015.0,1030.0,1000.0,1020.0,4446.0
2014-09-15,SBI,1020.0,1034.0,1020.0,1034.0,482.0
2014-09-16,SBI,1034.0,1065.0,1040.0,1058.0,2576.0
2014-09-17,SBI,1058.0,1079.0,1056.0,1056.0,2403.0
2014-09-21,SBI,1020.0,1020.0,990.0,990.0,720.0
2014-09-22,SBI,990.0,975.0,970.0,975.0,1809.0
2014-09-23,SBI,975.0,1010.0,990.0,1004.0,1189.0
2014-09-24,SBI,1004.0,1055.0,990.0,1055.0,1397.0
2014-09-28,SBI,1055.0,1034.0,1020.0,1020.0,196.0
2014-09-29,SBI,1020.0,1081.0,1040.0,1080.0,406.0
2014-09-30,SBI,1080.0,1089.0,1070.0,1070.0,1374.0
2014-10-08,SBI,1070.0,1050.0,1050.0,1050.0,145.0
2014-10-09,SBI,1050.0,1045.0,1020.0,1021.0,1156.0
2014-10-12,SBI,1021.0,1030.0,986.0,987.0,1072.0
2014-10-13,SBI,987.0,995.0,976.0,986.0,2228.0
2014-10-14,SBI,986.0,995.0,995.0,995.0,249.0
2014-10-15,SBI,995.0,1020.0,995.0,1015.0,2552.0
2014-10-16,SBI,1015.0,1010.0,992.0,992.0,662.0
2014-10-19,SBI,992.0,1035.0,990.0,1035.0,3502.0
2014-10-20,SBI,1035.0,1045.0,1009.0,1010.0,1715.0
2014-10-21,SBI,1010.0,1012.0,1005.0,1005.0,2309.0
2014-10-22,SBI,1005.0,1010.0,980.0,980.0,1275.0
2014-10-26,SBI,980.0,1020.0,980.0,1015.0,2324.0
2014-10-27,SBI,1015.0,1013.0,1000.0,1000.0,1166.0
2014-10-28,SBI,1000.0,1005.0,995.0,1002.0,519.0
2014-10-30,SBI,1002.0,1006.0,990.0,1006.0,1662.0
2014-11-02,SBI,1006.0,1010.0,981.0,990.0,2537.0
2014-11-03,SBI,990.0,985.0,980.0,980.0,1142.0
2014-11-04,SBI,980.0,990.0,971.0,975.0,506.0
2014-11-05,SBI,975.0,991.0,985.0,991.0,321.0
2014-11-06,SBI,991.0,1000.0,995.0,1000.0,706.0
2014-11-09,SBI,1000.0,1000.0,981.0,983.0,1311.0
2014-11-10,SBI,983.0,983.0,960.0,970.0,1236.0
2014-11-11,SBI,970.0,976.0,932.0,971.0,2438.0
2014-11-12,SBI,971.0,965.0,952.0,965.0,878.0
2014-11-13,SBI,965.0,955.0,945.0,950.0,2572.0
2014-11-16,SBI,950.0,960.0,930.0,930.0,3416.0
2014-11-17,SBI,930.0,925.0,915.0,925.0,2937.0
2014-11-18,SBI,925.0,940.0,879.0,918.0,9101.0
2014-11-19,SBI,918.0,917.0,900.0,912.0,8316.0
2014-11-20,SBI,912.0,933.0,900.0,926.0,2355.0
2014-11-23,SBI,926.0,963.0,930.0,936.0,5201.0
2014-11-24,SBI,936.0,969.0,938.0,954.0,12164.0
2014-11-25,SBI,954.0,954.0,930.0,954.0,3951.0
2014-11-30,SBI,954.0,979.0,940.0,952.0,1724.0
2014-12-01,SBI,952.0,954.0,950.0,954.0,968.0
2014-12-02,SBI,954.0,954.0,938.0,954.0,3613.0
2014-12-03,SBI,954.0,968.0,950.0,950.0,1527.0
2014-12-04,SBI,950.0,962.0,954.0,962.0,1614.0
2014-12-07,SBI,962.0,975.0,955.0,965.0,3979.0
2014-12-08,SBI,965.0,965.0,956.0,960.0,2041.0
2014-12-09,SBI,960.0,958.0,949.0,955.0,7243.0
2014-12-10,SBI,955.0,974.0,925.0,955.0,5064.0
2014-12-11,SBI,955.0,969.0,960.0,969.0,539.0
2014-12-14,SBI,969.0,1000.0,975.0,1000.0,3254.0
2014-12-15,SBI,1000.0,1038.0,995.0,1007.0,3894.0
2014-12-16,SBI,1007.0,1027.0,1000.0,1024.0,2968.0
2014-12-17,SBI,1024.0,1010.0,1003.0,1010.0,1515.0
2014-12-18,SBI,1010.0,1022.0,1000.0,1022.0,4555.0
2014-12-21,SBI,1022.0,1010.0,985.0,1010.0,2226.0
2014-12-22,SBI,1010.0,1028.0,1001.0,1007.0,2235.0
2014-12-23,SBI,1007.0,1000.0,999.0,1000.0,379.0
2014-12-24,SBI,1000.0,1001.0,992.0,992.0,2468.0
2014-12-28,SBI,992.0,1045.0,1005.0,1045.0,27279.0
2014-12-29,SBI,1045.0,1060.0,1020.0,1057.0,20443.0
2014-12-31,SBI,1057.0,1069.0,1025.0,1069.0,24756.0
2015-01-01,SBI,930.0,960.0,914.0,960.0,838.0
2015-01-04,SBI,960.0,960.0,950.0,950.0,668.0
2015-01-05,SBI,950.0,956.0,951.0,951.0,1041.0
2015-01-06,SBI,951.0,955.0,945.0,950.0,3244.0
2015-01-07,SBI,950.0,942.0,906.0,934.0,1066.0
2015-01-08,SBI,934.0,954.0,950.0,954.0,1471.0
2015-01-11,SBI,954.0,950.0,941.0,946.0,2009.0
2015-01-12,SBI,946.0,935.0,932.0,932.0,670.0
2015-01-13,SBI,932.0,944.0,935.0,944.0,1024.0
2015-01-14,SBI,944.0,960.0,950.0,950.0,988.0
2015-01-18,SBI,950.0,969.0,952.0,952.0,1267.0
2015-01-19,SBI,952.0,991.0,971.0,989.0,1691.0
2015-01-20,SBI,989.0,975.0,951.0,953.0,1350.0
2015-01-22,SBI,953.0,955.0,936.0,955.0,953.0
2015-01-25,SBI,955.0,975.0,955.0,975.0,1520.0
2015-01-26,SBI,975.0,976.0,976.0,976.0,54.0
2015-01-27,SBI,976.0,999.0,982.0,982.0,1487.0
2015-01-28,SBI,982.0,1002.0,1000.0,1000.0,193.0
2015-01-29,SBI,1000.0,1005.0,996.0,997.0,2417.0
2015-02-01,SBI,997.0,1008.0,995.0,1000.0,1717.0
2015-02-02,SBI,1000.0,1009.0,995.0,999.0,5332.0
2015-02-03,SBI,999.0,1000.0,980.0,981.0,667.0
2015-02-04,SBI,981.0,1000.0,981.0,997.0,1327.0
2015-02-05,SBI,997.0,1000.0,984.0,984.0,1636.0
2015-02-08,SBI,984.0,994.0,980.0,994.0,1512.0
2015-02-09,SBI,994.0,1004.0,988.0,989.0,1128.0
2015-02-10,SBI,989.0,983.0,975.0,980.0,4832.0
2015-02-11,SBI,980.0,980.0,980.0,980.0,110.0
2015-02-12,SBI,980.0,990.0,972.0,980.0,2032.0
2015-02-15,SBI,980.0,981.0,975.0,975.0,1223.0
2015-02-16,SBI,975.0,980.0,970.0,977.0,2771.0
2015-02-19,SBI,977.0,975.0,964.0,965.0,1867.0
2015-02-22,SBI,965.0,950.0,950.0,950.0,22.0
2015-02-23,SBI,950.0,952.0,930.0,952.0,4454.0
2015-02-24,SBI,952.0,965.0,945.0,960.0,2248.0
2015-02-25,SBI,946.0,950.0,950.0,950.0,45.0
2015-02-26,SBI,950.0,950.0,950.0,950.0,200.0
2015-03-01,SBI,940.0,935.0,913.0,935.0,2129.0
2015-03-02,SBI,935.0,950.0,925.0,950.0,7682.0
2015-03-03,SBI,950.0,942.0,931.0,940.0,242.0
2015-03-04,SBI,940.0,945.0,940.0,940.0,545.0
2015-03-09,SBI,940.0,940.0,924.0,940.0,1645.0
2015-03-10,SBI,940.0,950.0,940.0,940.0,439.0
2015-03-12,SBI,940.0,932.0,932.0,932.0,100.0
2015-03-15,SBI,932.0,930.0,922.0,922.0,2858.0
2015-03-16,SBI,922.0,921.0,920.0,920.0,477.0
2015-03-17,SBI,920.0,928.0,918.0,921.0,2112.0
2015-03-18,SBI,921.0,923.0,905.0,923.0,514.0
2015-03-19,SBI,923.0,928.0,921.0,927.0,2109.0
2015-03-22,SBI,927.0,925.0,910.0,910.0,798.0
2015-03-23,SBI,910.0,921.0,915.0,921.0,320.0
2015-03-24,SBI,921.0,920.0,911.0,920.0,3920.0
2015-03-25,SBI,920.0,916.0,906.0,909.0,2106.0
2015-03-26,SBI,909.0,912.0,911.0,912.0,110.0
2015-03-29,SBI,912.0,915.0,900.0,900.0,12965.0
2015-03-30,SBI,900.0,905.0,900.0,900.0,1045.0
2015-03-31,SBI,900.0,916.0,900.0,902.0,1413.0
2015-04-02,SBI,902.0,901.0,900.0,901.0,1029.0
2015-04-05,SBI,901.0,901.0,890.0,890.0,2120.0
2015-04-06,SBI,890.0,907.0,895.0,900.0,8752.0
2015-04-07,SBI,900.0,904.0,900.0,904.0,936.0
2015-04-08,SBI,904.0,922.0,915.0,920.0,829.0
2015-04-09,SBI,920.0,925.0,920.0,920.0,768.0
2015-04-12,SBI,920.0,915.0,905.0,913.0,1133.0
2015-04-13,SBI,913.0,906.0,900.0,901.0,2137.0
2015-04-15,SBI,901.0,925.0,900.0,900.0,739.0
2015-04-16,SBI,900.0,906.0,873.0,906.0,332.0
2015-04-19,SBI,906.0,910.0,900.0,904.0,2209.0
2015-04-20,SBI,904.0,915.0,891.0,900.0,4424.0
2015-04-21,SBI,900.0,915.0,900.0,900.0,2631.0
2015-04-22,SBI,900.0,890.0,886.0,890.0,412.0
2015-04-23,SBI,890.0,907.0,890.0,890.0,560.0
2015-05-25,SBI,890.0,873.0,801.0,801.0,110.0
2015-05-26,SBI,801.0,816.0,784.0,788.0,4099.0
2015-05-27,SBI,788.0,790.0,765.0,765.0,3304.0
2015-05-28,SBI,765.0,778.0,740.0,770.0,2877.0
2015-05-31,SBI,770.0,840.0,785.0,820.0,2854.0
2015-06-01,SBI,820.0,873.0,820.0,849.0,2183.0
2015-06-02,SBI,849.0,855.0,817.0,825.0,4168.0
2015-06-03,SBI,825.0,885.0,840.0,880.0,3467.0
2015-06-04,SBI,880.0,897.0,860.0,879.0,11213.0
2015-06-07,SBI,879.0,896.0,870.0,890.0,2499.0
2015-06-08,SBI,890.0,918.0,895.0,910.0,3447.0
2015-06-09,SBI,910.0,946.0,915.0,920.0,3872.0
2015-06-10,SBI,920.0,920.0,895.0,915.0,4499.0
2015-06-11,SBI,915.0,932.0,890.0,900.0,1793.0
2015-06-14,SBI,900.0,890.0,882.0,883.0,364.0
2015-06-16,SBI,883.0,900.0,870.0,900.0,5060.0
2015-06-17,SBI,900.0,895.0,885.0,890.0,3852.0
2015-06-18,SBI,890.0,893.0,880.0,893.0,758.0
2015-06-21,SBI,893.0,880.0,875.0,880.0,2701.0
2015-06-22,SBI,880.0,897.0,878.0,890.0,710.0
2015-06-23,SBI,888.0,889.0,885.0,885.0,2563.0
2015-06-24,SBI,886.0,891.0,886.0,891.0,1620.0
2015-06-25,SBI,895.0,903.0,891.0,891.0,3155.0
2015-06-28,SBI,890.0,896.0,890.0,891.0,1399.0
2015-06-29,SBI,908.0,908.0,895.0,896.0,1720.0
2015-06-30,SBI,898.0,898.0,890.0,891.0,451.0
2015-07-01,SBI,908.0,912.0,896.0,900.0,1974.0
2015-07-02,SBI,899.0,899.0,891.0,895.0,2546.0
2015-07-05,SBI,899.0,900.0,895.0,900.0,2707.0
2015-07-06,SBI,891.0,903.0,890.0,901.0,8839.0
2015-07-07,SBI,890.0,902.0,890.0,902.0,5313.0
2015-07-08,SBI,905.0,905.0,895.0,895.0,5840.0
2015-07-09,SBI,900.0,900.0,890.0,893.0,2346.0
2015-07-12,SBI,894.0,894.0,890.0,891.0,520.0
2015-07-13,SBI,880.0,894.0,879.0,890.0,9353.0
2015-07-14,SBI,890.0,895.0,885.0,885.0,1926.0
2015-07-15,SBI,890.0,890.0,890.0,890.0,1800.0
2015-07-16,SBI,890.0,890.0,885.0,887.0,2715.0
2015-07-22,SBI,900.0,910.0,899.0,910.0,888.0
2015-07-23,SBI,910.0,992.0,900.0,988.0,4996.0
2015-07-26,SBI,988.0,1047.0,1007.0,1047.0,30.0
2015-07-27,SBI,1047.0,1151.0,1067.0,1110.0,42756.0
2015-07-28,SBI,1110.0,1122.0,1050.0,1088.0,9775.0
2015-07-29,SBI,1088.0,1122.0,1067.0,1102.0,10439.0
2015-07-30,SBI,1102.0,1145.0,1101.0,1130.0,17289.0
2015-08-02,SBI,1130.0,1150.0,1131.0,1142.0,7405.0
2015-08-03,SBI,1142.0,1144.0,1120.0,1137.0,7820.0
2015-08-04,SBI,1137.0,1160.0,1124.0,1130.0,9155.0
2015-08-05,SBI,1130.0,1130.0,1115.0,1130.0,4699.0
2015-08-06,SBI,1130.0,1171.0,1130.0,1139.0,11276.0
2015-08-09,SBI,1139.0,1215.0,1161.0,1200.0,26597.0
2015-08-10,SBI,1200.0,1256.0,1180.0,1250.0,30762.0
2015-08-11,SBI,1250.0,1290.0,1250.0,1257.0,18681.0
2015-08-12,SBI,1250.0,1257.0,1225.0,1257.0,19602.0
2015-08-13,SBI,1257.0,1277.0,1248.0,1267.0,19312.0
2015-08-16,SBI,1270.0,1351.0,1260.0,1315.0,18004.0
2015-08-17,SBI,1341.0,1446.0,1341.0,1446.0,14219.0
2015-08-18,SBI,1435.0,1475.0,1400.0,1461.0,13436.0
2015-08-19,SBI,1470.0,1525.0,1470.0,1525.0,14336.0
2015-08-20,SBI,1550.0,1642.0,1550.0,1602.0,16133.0
2015-08-23,SBI,1582.0,1620.0,1530.0,1590.0,7310.0
2015-08-24,SBI,1595.0,1595.0,1576.0,1580.0,3584.0
2015-08-25,SBI,1568.0,1575.0,1525.0,1559.0,2568.0
2015-08-26,SBI,1550.0,1555.0,1536.0,1554.0,3781.0
2015-08-27,SBI,1544.0,1544.0,1492.0,1492.0,4962.0
2015-08-31,SBI,1470.0,1570.0,1470.0,1570.0,7363.0
2015-09-01,SBI,1570.0,1565.0,1520.0,1520.0,6882.0
2015-09-02,SBI,1510.0,1525.0,1503.0,1525.0,5465.0
2015-09-03,SBI,1505.0,1515.0,1491.0,1514.0,8541.0
2015-09-06,SBI,1515.0,1535.0,1472.0,1518.0,13866.0
2015-09-07,SBI,1525.0,1530.0,1511.0,1520.0,2495.0
2015-09-08,SBI,1520.0,1530.0,1500.0,1515.0,712.0
2015-09-09,SBI,1529.0,1544.0,1513.0,1544.0,3664.0
2015-09-10,SBI,1525.0,1525.0,1501.0,1523.0,2537.0
2015-09-13,SBI,1520.0,1555.0,1520.0,1555.0,10708.0
2015-09-14,SBI,1580.0,1580.0,1549.0,1550.0,3682.0
2015-09-15,SBI,1535.0,1565.0,1535.0,1565.0,3539.0
2015-09-16,SBI,1565.0,1575.0,1540.0,1541.0,2656.0
2015-09-17,SBI,1540.0,1540.0,1525.0,1530.0,2229.0
2015-09-22,SBI,1500.0,1501.0,1470.0,1480.0,8459.0
2015-09-23,SBI,1509.0,1509.0,1499.0,1505.0,3646.0
2015-09-24,SBI,1500.0,1510.0,1490.0,1500.0,3578.0
2015-09-28,SBI,1480.0,1488.0,1410.0,1469.0,6291.0
2015-09-29,SBI,1460.0,1498.0,1460.0,1488.0,941.0
2015-09-30,SBI,1499.0,1520.0,1499.0,1510.0,3312.0
2015-10-01,SBI,1515.0,1570.0,1511.0,1515.0,6184.0
2015-10-04,SBI,1500.0,1525.0,1500.0,1520.0,6174.0
2015-10-05,SBI,1500.0,1515.0,1490.0,1500.0,2989.0
2015-10-06,SBI,1500.0,1501.0,1483.0,1487.0,7809.0
2015-10-07,SBI,1466.0,1481.0,1460.0,1479.0,6190.0
2015-10-08,SBI,1471.0,1500.0,1465.0,1500.0,1900.0
2015-10-11,SBI,1500.0,1500.0,1450.0,1454.0,3199.0
2015-10-14,SBI,1432.0,1432.0,1410.0,1410.0,3826.0
2015-10-15,SBI,1385.0,1400.0,1360.0,1400.0,2171.0
2015-10-18,SBI,1399.0,1400.0,1345.0,1350.0,1369.0
2015-10-19,SBI,1345.0,1350.0,1334.0,1335.0,4551.0
2015-10-25,SBI,1315.0,1340.0,1309.0,1340.0,2778.0
2015-10-27,SBI,1340.0,1340.0,1280.0,1280.0,2945.0
2015-10-28,SBI,1260.0,1298.0,1203.0,1298.0,4408.0
2015-10-29,SBI,1295.0,1315.0,1270.0,1302.0,3633.0
2015-11-01,SBI,1281.0,1290.0,1270.0,1285.0,1834.0
2015-11-02,SBI,1285.0,1310.0,1281.0,1281.0,2504.0
2015-11-03,SBI,1268.0,1300.0,1268.0,1295.0,2463.0
2015-11-04,SBI,1295.0,1340.0,1290.0,1337.0,5045.0
2015-11-05,SBI,1330.0,1340.0,1325.0,1331.0,2378.0
2015-11-08,SBI,1310.0,1312.0,1305.0,1305.0,2564.0
2015-11-09,SBI,1330.0,1350.0,1330.0,1350.0,1941.0
2015-11-10,SBI,1324.0,1350.0,1324.0,1350.0,1646.0
2015-11-15,SBI,1345.0,1375.0,1325.0,1354.0,1527.0
2015-11-16,SBI,1335.0,1335.0,1320.0,1320.0,1036.0
2015-11-18,SBI,1340.0,1360.0,1330.0,1339.0,3688.0
2015-11-19,SBI,1330.0,1362.0,1322.0,1362.0,1179.0
2015-11-22,SBI,1340.0,1340.0,1280.0,1300.0,3362.0
2015-11-23,SBI,1280.0,1301.0,1240.0,1301.0,3839.0
2015-11-24,SBI,1300.0,1302.0,1283.0,1300.0,5684.0
2015-11-25,SBI,1300.0,1303.0,1280.0,1282.0,9201.0
2015-11-26,SBI,1270.0,1270.0,1250.0,1265.0,13116.0
2015-11-29,SBI,1260.0,1260.0,1205.0,1221.0,8120.0
2015-11-30,SBI,1245.0,1265.0,1220.0,1235.0,3730.0
2015-12-01,SBI,1235.0,1290.0,1250.0,1290.0,2427.0
2015-12-02,SBI,1310.0,1310.0,1231.0,1256.0,6739.0
2015-12-03,SBI,1256.0,1305.0,1256.0,1303.0,6105.0
2015-12-04,SBI,1325.0,1377.0,1310.0,1370.0,5641.0
2015-12-07,SBI,1390.0,1410.0,1376.0,1398.0,8794.0
2015-12-08,SBI,1371.0,1410.0,1362.0,1403.0,8751.0
2015-12-09,SBI,1431.0,1431.0,1390.0,1398.0,2778.0
2015-12-10,SBI,1400.0,1400.0,1383.0,1395.0,2935.0
2015-12-13,SBI,1400.0,1414.0,1385.0,1400.0,4078.0
2015-12-14,SBI,1400.0,1400.0,1375.0,1395.0,1936.0
2015-12-15,SBI,1375.0,1390.0,1375.0,1385.0,775.0
2015-12-16,SBI,1380.0,1380.0,1366.0,1368.0,2668.0
2015-12-17,SBI,1370.0,1370.0,1356.0,1361.0,8197.0
2015-12-20,SBI,1361.0,1497.0,1388.0,1497.0,2242.0
2015-12-21,SBI,1497.0,1646.0,1526.0,1528.0,33718.0
2015-12-22,SBI,1525.0,1525.0,1495.0,1500.0,6821.0
2015-12-23,SBI,1500.0,1519.0,1471.0,1482.0,6938.0
2015-12-24,SBI,1480.0,1495.0,1473.0,1490.0,4642.0
2015-12-25,SBI,1491.0,1496.0,1471.0,1471.0,2647.0
2015-12-28,SBI,1471.0,1475.0,1465.0,1465.0,1538.0
2015-12-29,SBI,1465.0,1485.0,1460.0,1470.0,3986.0
2015-12-31,SBI,1490.0,1495.0,1470.0,1490.0,6257.0
2016-01-03,SBI,1490.0,1518.0,1490.0,1503.0,11260.0
2016-01-04,SBI,1503.0,1510.0,1500.0,1500.0,7476.0
2016-01-05,SBI,1498.0,1499.0,1485.0,1485.0,1924.0
2016-01-06,SBI,1500.0,1506.0,1495.0,1495.0,3170.0
2016-01-07,SBI,1500.0,1505.0,1495.0,1500.0,4282.0
2016-01-10,SBI,1500.0,1540.0,1505.0,1535.0,12259.0
2016-01-11,SBI,1536.0,1549.0,1533.0,1549.0,14291.0
2016-01-12,SBI,1555.0,1566.0,1550.0,1557.0,13515.0
2016-01-13,SBI,1557.0,1574.0,1560.0,1560.0,8461.0
2016-01-14,SBI,1560.0,1570.0,1560.0,1565.0,9953.0
2016-01-17,SBI,1556.0,1590.0,1556.0,1579.0,9472.0
2016-01-18,SBI,1585.0,1620.0,1580.0,1589.0,28225.0
2016-01-19,SBI,1251.0,1268.0,1226.0,1260.0,7071.0
2016-01-20,SBI,1270.0,1274.0,1266.0,1270.0,14859.0
2016-01-21,SBI,1270.0,1285.0,1272.0,1280.0,8781.0
2016-01-24,SBI,1280.0,1280.0,1273.0,1275.0,6737.0
2016-01-25,SBI,1276.0,1278.0,1268.0,1272.0,4445.0
2016-01-26,SBI,1272.0,1280.0,1271.0,1273.0,3694.0
2016-01-27,SBI,1273.0,1275.0,1265.0,1265.0,696.0
2016-01-28,SBI,1260.0,1278.0,1260.0,1270.0,1611.0
2016-01-31,SBI,1261.0,1280.0,1260.0,1270.0,1533.0
2016-02-01,SBI,1270.0,1310.0,1270.0,1300.0,6243.0
2016-02-02,SBI,1310.0,1341.0,1310.0,1310.0,24770.0
2016-02-03,SBI,1310.0,1333.0,1310.0,1320.0,12253.0
2016-02-04,SBI,1325.0,1359.0,1325.0,1350.0,18962.0
2016-02-07,SBI,1350.0,1444.0,1377.0,1442.0,21177.0
2016-02-08,SBI,1442.0,1480.0,1450.0,1455.0,11807.0
2016-02-11,SBI,1455.0,1480.0,1435.0,1458.0,1700.0
2016-02-14,SBI,1487.0,1487.0,1437.0,1440.0,8552.0
2016-02-15,SBI,1435.0,1435.0,1405.0,1421.0,4761.0
2016-02-16,SBI,1421.0,1430.0,1400.0,1419.0,4816.0
2016-02-17,SBI,1419.0,1422.0,1400.0,1400.0,5278.0
2016-02-18,SBI,1400.0,1445.0,1400.0,1440.0,3879.0
2016-02-21,SBI,1440.0,1440.0,1424.0,1430.0,3172.0
2016-02-22,SBI,1420.0,1425.0,1401.0,1408.0,5372.0
2016-02-23,SBI,1408.0,1440.0,1401.0,1415.0,6064.0
2016-02-24,SBI,1395.0,1417.0,1390.0,1417.0,4516.0
2016-02-25,SBI,1400.0,1407.0,1385.0,1407.0,9129.0
2016-02-28,SBI,1407.0,1410.0,1400.0,1408.0,4149.0
2016-02-29,SBI,1408.0,1405.0,1390.0,1400.0,3946.0
2016-03-01,SBI,1395.0,1419.0,1395.0,1408.0,2879.0
2016-03-02,SBI,1420.0,1425.0,1419.0,1425.0,1231.0
2016-03-03,SBI,1415.0,1415.0,1409.0,1410.0,11534.0
2016-03-06,SBI,1411.0,1416.0,1405.0,1405.0,13839.0
2016-03-10,SBI,1400.0,1430.0,1400.0,1420.0,6800.0
2016-03-13,SBI,1425.0,1440.0,1417.0,1417.0,5477.0
2016-03-14,SBI,1441.0,1439.0,1408.0,1408.0,1308.0
2016-03-15,SBI,1403.0,1420.0,1403.0,1415.0,2784.0
2016-03-16,SBI,1400.0,1418.0,1400.0,1409.0,2011.0
2016-03-17,SBI,1420.0,1425.0,1410.0,1416.0,2839.0
2016-03-20,SBI,1416.0,1440.0,1400.0,1420.0,2401.0
2016-03-21,SBI,1420.0,1430.0,1400.0,1412.0,3491.0
2016-03-23,SBI,1430.0,1455.0,1430.0,1440.0,8872.0
2016-03-24,SBI,1440.0,1483.0,1449.0,1475.0,28457.0
2016-03-27,SBI,1475.0,1560.0,1485.0,1540.0,28741.0
2016-03-28,SBI,1540.0,1555.0,1500.0,1538.0,11304.0
2016-03-29,SBI,1535.0,1549.0,1525.0,1532.0,6805.0
2016-03-30,SBI,1532.0,1525.0,1515.0,1515.0,3636.0
2016-03-31,SBI,1515.0,1522.0,1507.0,1515.0,12952.0
2016-04-03,SBI,1515.0,1534.0,1490.0,1520.0,7179.0
2016-04-04,SBI,1520.0,1525.0,1508.0,1516.0,2893.0
2016-04-05,SBI,1520.0,1535.0,1520.0,1523.0,4459.0
2016-04-06,SBI,1523.0,1525.0,1515.0,1515.0,3141.0
2016-04-10,SBI,1515.0,1550.0,1520.0,1540.0,6344.0
2016-04-11,SBI,1540.0,1550.0,1530.0,1543.0,6677.0
2016-04-12,SBI,1543.0,1560.0,1542.0,1550.0,9402.0
2016-04-14,SBI,1550.0,1600.0,1550.0,1600.0,14305.0
2016-04-17,SBI,1610.0,1700.0,1600.0,1680.0,14184.0
2016-04-18,SBI,1680.0,1749.0,1683.0,1735.0,17424.0
2016-04-19,SBI,1735.0,1760.0,1700.0,1710.0,10645.0
2016-04-20,SBI,1710.0,1735.0,1715.0,1715.0,24556.0
2016-04-21,SBI,1715.0,1729.0,1710.0,1726.0,32655.0
2016-04-24,SBI,1726.0,1790.0,1734.0,1780.0,14400.0
2016-04-25,SBI,1780.0,1795.0,1780.0,1789.0,6540.0
2016-04-26,SBI,1789.0,1800.0,1750.0,1752.0,6095.0
2016-04-27,SBI,1752.0,1752.0,1735.0,1743.0,5245.0
2016-04-28,SBI,1743.0,1760.0,1714.0,1760.0,9067.0
2016-05-02,SBI,1760.0,1770.0,1745.0,1764.0,15781.0
2016-05-03,SBI,1764.0,1780.0,1760.0,1780.0,21565.0
2016-05-04,SBI,1780.0,1775.0,1746.0,1772.0,6766.0
2016-05-05,SBI,1772.0,1760.0,1750.0,1753.0,5059.0
2016-05-08,SBI,1753.0,1765.0,1730.0,1755.0,5333.0
2016-05-09,SBI,1750.0,1771.0,1750.0,1769.0,9069.0
2016-05-10,SBI,1746.0,1764.0,1745.0,1752.0,6842.0
2016-05-11,SBI,1752.0,1750.0,1740.0,1741.0,1582.0
2016-05-12,SBI,1741.0,1741.0,1720.0,1720.0,550.0
2016-05-15,SBI,1732.0,1740.0,1710.0,1725.0,7577.0
2016-05-16,SBI,1725.0,1720.0,1710.0,1718.0,2169.0
2016-05-17,SBI,1710.0,1750.0,1710.0,1740.0,7738.0
2016-05-18,SBI,1740.0,1775.0,1750.0,1775.0,10721.0
2016-05-19,SBI,1775.0,1790.0,1765.0,1770.0,5102.0
2016-05-22,SBI,1770.0,1780.0,1770.0,1771.0,4135.0
2016-05-23,SBI,1771.0,1780.0,1730.0,1760.0,5047.0
2016-05-24,SBI,1760.0,1820.0,1760.0,1799.0,7639.0
2016-05-25,SBI,1799.0,1825.0,1770.0,1780.0,11178.0
2016-05-26,SBI,1780.0,1785.0,1745.0,1770.0,4514.0
2016-05-29,SBI,1770.0,1795.0,1719.0,1765.0,5955.0
2016-05-30,SBI,1765.0,1755.0,1740.0,1745.0,4680.0
2016-05-31,SBI,1745.0,1750.0,1725.0,1726.0,4751.0
2016-06-01,SBI,1726.0,1725.0,1690.0,1700.0,8234.0
2016-06-02,SBI,1700.0,1715.0,1681.0,1715.0,5117.0
2016-06-05,SBI,1715.0,1690.0,1627.0,1650.0,7015.0
2016-06-06,SBI,1650.0,1710.0,1675.0,1705.0,10774.0
2016-06-07,SBI,1700.0,1738.0,1700.0,1714.0,6647.0
2016-06-08,SBI,1714.0,1720.0,1705.0,1710.0,1412.0
2016-06-09,SBI,1715.0,1715.0,1700.0,1702.0,7230.0
2016-06-12,SBI,1700.0,1785.0,1700.0,1760.0,11734.0
2016-06-13,SBI,1760.0,1830.0,1760.0,1765.0,9559.0
2016-06-14,SBI,1799.0,1820.0,1768.0,1768.0,10138.0
2016-06-15,SBI,1755.0,1760.0,1735.0,1745.0,6164.0
2016-06-16,SBI,1745.0,1752.0,1725.0,1740.0,12140.0
2016-06-19,SBI,1740.0,1740.0,1700.0,1720.0,20040.0
2016-06-20,SBI,1720.0,1740.0,1700.0,1720.0,7046.0
2016-06-21,SBI,1720.0,1740.0,1700.0,1740.0,14440.0
2016-06-22,SBI,1760.0,1794.0,1725.0,1745.0,9562.0
2016-06-23,SBI,1745.0,1799.0,1740.0,1790.0,17920.0
2016-06-26,SBI,1790.0,1945.0,1790.0,1889.0,29337.0
2016-06-27,SBI,1889.0,1980.0,1920.0,1975.0,44240.0
2016-06-28,SBI,1975.0,2020.0,1960.0,1985.0,38175.0
2016-06-29,SBI,1985.0,2000.0,1985.0,1996.0,21175.0
2016-06-30,SBI,1996.0,1988.0,1955.0,1960.0,10623.0
2016-07-03,SBI,1960.0,1960.0,1930.0,1930.0,19794.0
2016-07-04,SBI,1930.0,1948.0,1901.0,1909.0,8161.0
2016-07-05,SBI,1901.0,1945.0,1901.0,1932.0,15071.0
2016-07-06,SBI,1945.0,1950.0,1935.0,1947.0,5711.0
2016-07-10,SBI,1946.0,1960.0,1933.0,1940.0,8757.0
2016-07-11,SBI,1940.0,1961.0,1890.0,1912.0,6931.0
2016-07-12,SBI,1912.0,1960.0,1827.0,1899.0,8921.0
2016-07-13,SBI,1899.0,1900.0,1842.0,1850.0,8697.0
2016-07-14,SBI,1815.0,1947.0,1815.0,1875.0,9874.0
2016-07-17,SBI,1875.0,1975.0,1885.0,1955.0,11272.0
2016-07-18,SBI,1955.0,1990.0,1964.0,1985.0,8012.0
2016-07-19,SBI,2010.0,2040.0,1975.0,2009.0,19390.0
2016-07-20,SBI,2022.0,2022.0,1960.0,1960.0,11057.0
2016-07-21,SBI,1960.0,1985.0,1950.0,1975.0,8581.0
2016-07-25,SBI,1975.0,2040.0,1980.0,2040.0,16032.0
2016-07-26,SBI,2040.0,2121.0,2020.0,2070.0,17099.0
2016-07-27,SBI,2070.0,2104.0,2040.0,2088.0,28455.0
2016-07-28,SBI,2088.0,2100.0,2047.0,2085.0,16386.0
2016-07-31,SBI,2085.0,2152.0,1965.0,2078.0,11375.0
2016-08-01,SBI,2078.0,2140.0,2045.0,2061.0,7593.0
2016-08-02,SBI,2061.0,2060.0,2015.0,2029.0,7759.0
2016-08-03,SBI,2029.0,2060.0,1970.0,2000.0,8765.0
2016-08-04,SBI,2000.0,1990.0,1882.0,1930.0,10944.0
2016-08-07,SBI,1930.0,1975.0,1887.0,1930.0,15395.0
2016-08-08,SBI,1930.0,1900.0,1807.0,1807.0,6030.0
2016-08-09,SBI,1843.0,1879.0,1843.0,1879.0,436.0
2016-08-10,SBI,1916.0,1960.0,1872.0,1940.0,12885.0
2016-08-11,SBI,1955.0,1975.0,1920.0,1930.0,3638.0
2016-08-14,SBI,1929.0,1929.0,1817.0,1875.0,5068.0
2016-08-15,SBI,1838.0,1838.0,1786.0,1800.0,12661.0
2016-08-16,SBI,1770.0,1847.0,1740.0,1847.0,14378.0
2016-08-17,SBI,1812.0,1860.0,1812.0,1855.0,6861.0
2016-08-21,SBI,1892.0,1892.0,1813.0,1830.0,3680.0
2016-08-22,SBI,1823.0,1823.0,1700.0,1700.0,3075.0
2016-08-23,SBI,1730.0,1810.0,1700.0,1750.0,12073.0
2016-08-24,SBI,1785.0,1850.0,1730.0,1845.0,8872.0
2016-08-28,SBI,1860.0,1890.0,1843.0,1850.0,8091.0
2016-08-29,SBI,1850.0,1895.0,1840.0,1888.0,7211.0
2016-08-30,SBI,1901.0,1940.0,1900.0,1901.0,8429.0
2016-08-31,SBI,1915.0,1925.0,1915.0,1924.0,2234.0
2016-09-01,SBI,1920.0,1950.0,1920.0,1940.0,2660.0
2016-09-04,SBI,1902.0,2018.0,1902.0,1985.0,8142.0
2016-09-05,SBI,2000.0,2015.0,1990.0,2015.0,11041.0
2016-09-06,SBI,2000.0,2050.0,1950.0,2000.0,10564.0
2016-09-07,SBI,1970.0,1993.0,1951.0,1975.0,7168.0
2016-09-08,SBI,1975.0,1990.0,1960.0,1960.0,7506.0
2016-09-11,SBI,1921.0,1948.0,1910.0,1945.0,9935.0
2016-09-12,SBI,1921.0,1940.0,1921.0,1927.0,3122.0
2016-09-14,SBI,1950.0,1950.0,1920.0,1933.0,9874.0
2016-09-18,SBI,1910.0,1920.0,1892.0,1907.0,8483.0
2016-09-20,SBI,1893.0,1893.0,1870.0,1872.0,6645.0
2016-09-21,SBI,1850.0,1900.0,1836.0,1880.0,3461.0
2016-09-22,SBI,1880.0,1895.0,1870.0,1870.0,5406.0
2016-09-25,SBI,1880.0,1895.0,1870.0,1870.0,5406.0
2016-09-26,SBI,1840.0,1880.0,1840.0,1859.0,5182.0
2016-09-27,SBI,1872.0,1872.0,1822.0,1846.0,4425.0
2016-09-28,SBI,1850.0,1879.0,1850.0,1872.0,3514.0
2016-09-29,SBI,1880.0,1940.0,1873.0,1940.0,12873.0
2016-10-02,SBI,1940.0,1978.0,1926.0,1978.0,8502.0
2016-10-03,SBI,1978.0,1985.0,1926.0,1940.0,7271.0
2016-10-04,SBI,1977.0,2055.0,1921.0,1930.0,16130.0
2016-10-05,SBI,1925.0,1925.0,1889.0,1920.0,7147.0
2016-10-06,SBI,1955.0,1955.0,1917.0,1935.0,13260.0
2016-10-16,SBI,1905.0,1935.0,1905.0,1934.0,3530.0
2016-10-17,SBI,1935.0,1935.0,1883.0,1883.0,9293.0
2016-10-18,SBI,1900.0,1900.0,1875.0,1881.0,1940.0
2016-10-19,SBI,1870.0,1895.0,1870.0,1885.0,2861.0
2016-10-20,SBI,1885.0,1899.0,1874.0,1889.0,5892.0
2016-10-23,SBI,1885.0,1890.0,1868.0,1868.0,4805.0
2016-10-24,SBI,1870.0,1868.0,1815.0,1855.0,5605.0
2016-10-25,SBI,1845.0,1845.0,1780.0,1780.0,6585.0
2016-10-26,SBI,1790.0,1795.0,1745.0,1785.0,5053.0
2016-10-27,SBI,1760.0,1795.0,1760.0,1790.0,3041.0
2016-11-03,SBI,1760.0,1794.0,1760.0,1776.0,1992.0
2016-11-07,SBI,1775.0,1775.0,1728.0,1731.0,2780.0
2016-11-08,SBI,1730.0,1730.0,1700.0,1709.0,6685.0
2016-11-09,SBI,1681.0,1702.0,1617.0,1690.0,4740.0
2016-11-10,SBI,1700.0,1720.0,1670.0,1694.0,5180.0
2016-11-13,SBI,1675.0,1690.0,1675.0,1690.0,9059.0
2016-11-14,SBI,1690.0,1690.0,1664.0,1670.0,4789.0
2016-11-15,SBI,1680.0,1680.0,1658.0,1665.0,3340.0
2016-11-16,SBI,1657.0,1665.0,1640.0,1660.0,17686.0
2016-11-17,SBI,1650.0,1650.0,1590.0,1595.0,10512.0
2016-11-20,SBI,1573.0,1573.0,1480.0,1492.0,12340.0
2016-11-21,SBI,1495.0,1520.0,1460.0,1505.0,14519.0
2016-11-22,SBI,1480.0,1518.0,1480.0,1498.0,9731.0
2016-11-23,SBI,1498.0,1498.0,1444.0,1449.0,10230.0
2016-11-24,SBI,1450.0,1485.0,1420.0,1445.0,13308.0
2016-11-27,SBI,1450.0,1450.0,1399.0,1407.0,11795.0
2016-11-28,SBI,1380.0,1456.0,1335.0,1445.0,10612.0
2016-11-29,SBI,1441.0,1570.0,1400.0,1556.0,26370.0
2016-11-30,SBI,1587.0,1695.0,1587.0,1695.0,20896.0
2016-12-01,SBI,1662.0,1715.0,1647.0,1667.0,11945.0
2016-12-04,SBI,1650.0,1650.0,1590.0,1605.0,10623.0
2016-12-05,SBI,1605.0,1620.0,1545.0,1545.0,16070.0
2016-12-06,SBI,1545.0,1560.0,1510.0,1551.0,6234.0
2016-12-07,SBI,1550.0,1560.0,1540.0,1550.0,3324.0
2016-12-08,SBI,1560.0,1565.0,1535.0,1550.0,2973.0
2016-12-11,SBI,1539.0,1545.0,1514.0,1520.0,4128.0
2016-12-12,SBI,1520.0,1520.0,1470.0,1490.0,6883.0
2016-12-14,SBI,1500.0,1505.0,1454.0,1476.0,4715.0
2016-12-15,SBI,1499.0,1503.0,1476.0,1476.0,7494.0
2016-12-18,SBI,1470.0,1499.0,1455.0,1499.0,7529.0
2016-12-19,SBI,1475.0,1500.0,1470.0,1475.0,12742.0
2016-12-20,SBI,1475.0,1490.0,1460.0,1460.0,2097.0
2016-12-21,SBI,1450.0,1460.0,1410.0,1439.0,6675.0
2016-12-22,SBI,1460.0,1460.0,1431.0,1440.0,10068.0
2016-12-26,SBI,1420.0,1430.0,1400.0,1400.0,5378.0
2016-12-27,SBI,1382.0,1388.0,1333.0,1388.0,6894.0
2016-12-28,SBI,1380.0,1384.0,1357.0,1360.0,4767.0
2016-12-29,SBI,1387.0,1420.0,1382.0,1410.0,4835.0
2017-01-01,SBI,1430.0,1475.0,1430.0,1456.0,2371.0
2017-01-02,SBI,1485.0,1499.0,1456.0,1475.0,5186.0
2017-01-03,SBI,1457.0,1463.0,1415.0,1420.0,6604.0
2017-01-04,SBI,1400.0,1411.0,1387.0,1400.0,8605.0
2017-01-05,SBI,1400.0,1428.0,1400.0,1425.0,4516.0
2017-01-08,SBI,1410.0,1410.0,1396.0,1400.0,3164.0
2017-01-09,SBI,1428.0,1428.0,1400.0,1410.0,2087.0
2017-01-10,SBI,1415.0,1423.0,1410.0,1423.0,4500.0
2017-01-11,SBI,1424.0,1425.0,1400.0,1415.0,3231.0
2017-01-12,SBI,1439.0,1439.0,1415.0,1418.0,1329.0
2017-01-15,SBI,1416.0,1416.0,1400.0,1415.0,4407.0
2017-01-16,SBI,1405.0,1410.0,1400.0,1410.0,1359.0
2017-01-17,SBI,1410.0,1430.0,1410.0,1416.0,1364.0
2017-01-18,SBI,1410.0,1425.0,1410.0,1421.0,1128.0
2017-01-19,SBI,1430.0,1466.0,1430.0,1466.0,11349.0
2017-01-22,SBI,1495.0,1560.0,1495.0,1535.0,12004.0
2017-01-23,SBI,1535.0,1550.0,1510.0,1520.0,6881.0
2017-01-24,SBI,1510.0,1510.0,1480.0,1484.0,10321.0
2017-01-25,SBI,1472.0,1472.0,1435.0,1445.0,5305.0
2017-01-26,SBI,1430.0,1440.0,1364.0,1425.0,5966.0
2017-01-30,SBI,1430.0,1430.0,1348.0,1350.0,10746.0
2017-01-31,SBI,1350.0,1400.0,1325.0,1370.0,7661.0
2017-02-01,SBI,1390.0,1455.0,1390.0,1455.0,7631.0
2017-02-02,SBI,1484.0,1515.0,1433.0,1433.0,28356.0
2017-02-05,SBI,1120.0,1100.0,1065.0,1075.0,5457.0
2017-02-06,SBI,1090.0,1090.0,1065.0,1075.0,1935.0
2017-02-07,SBI,1077.0,1083.0,1070.0,1070.0,6084.0
2017-02-08,SBI,1090.0,1110.0,1052.0,1060.0,5560.0
2017-02-09,SBI,1050.0,1060.0,1005.0,1020.0,3594.0
2017-02-12,SBI,1005.0,1005.0,971.0,980.0,9783.0
2017-02-13,SBI,990.0,1025.0,932.0,1025.0,11808.0
2017-02-14,SBI,1006.0,1006.0,981.0,998.0,9717.0
2017-02-15,SBI,1000.0,1015.0,995.0,1014.0,8055.0
2017-02-16,SBI,1034.0,1059.0,1010.0,1055.0,6546.0
2017-02-19,SBI,1050.0,1060.0,1030.0,1051.0,8779.0
2017-02-20,SBI,1070.0,1071.0,1029.0,1029.0,8895.0
2017-02-21,SBI,1049.0,1070.0,1020.0,1054.0,7011.0
2017-02-22,SBI,1035.0,1049.0,1000.0,1043.0,3290.0
2017-02-23,SBI,1049.0,1051.0,1013.0,1013.0,3206.0
2017-02-26,SBI,1020.0,1025.0,1000.0,1015.0,3686.0
2017-02-28,SBI,1000.0,1019.0,998.0,1000.0,3096.0
2017-03-01,SBI,1010.0,1019.0,1010.0,1010.0,1950.0
2017-03-02,SBI,1010.0,1029.0,1010.0,1029.0,1059.0
2017-03-05,SBI,1040.0,1052.0,1035.0,1045.0,1573.0
2017-03-06,SBI,1045.0,1060.0,1045.0,1055.0,3194.0
2017-03-07,SBI,1045.0,1058.0,1037.0,1055.0,2176.0
2017-03-09,SBI,1050.0,1060.0,1050.0,1052.0,4562.0
2017-03-13,SBI,1060.0,1072.0,1051.0,1072.0,1442.0
2017-03-14,SBI,1065.0,1070.0,1056.0,1056.0,560.0
2017-03-15,SBI,1055.0,1070.0,1052.0,1070.0,680.0
2017-03-16,SBI,1050.0,1071.0,1050.0,1071.0,534.0
2017-03-19,SBI,1071.0,1080.0,1065.0,1080.0,2646.0
2017-03-20,SBI,1100.0,1100.0,1086.0,1095.0,2583.0
2017-03-21,SBI,1091.0,1204.0,1091.0,1200.0,5241.0
2017-03-22,SBI,1224.0,1320.0,1224.0,1295.0,20884.0
2017-03-23,SBI,1310.0,1325.0,1268.0,1300.0,11279.0
2017-03-26,SBI,1320.0,1380.0,1320.0,1365.0,7100.0
2017-03-28,SBI,1365.0,1475.0,1392.0,1435.0,5631.0
2017-03-29,SBI,1435.0,1460.0,1358.0,1386.0,11145.0
2017-03-30,SBI,1386.0,1390.0,1350.0,1380.0,4331.0
2017-04-02,SBI,1407.0,1430.0,1385.0,1430.0,4010.0
2017-04-03,SBI,1440.0,1500.0,1380.0,1400.0,13581.0
2017-04-04,SBI,1400.0,1410.0,1385.0,1395.0,7708.0
2017-04-06,SBI,1395.0,1390.0,1370.0,1380.0,2526.0
2017-04-09,SBI,1400.0,1425.0,1375.0,1425.0,5781.0
2017-04-10,SBI,1400.0,1419.0,1382.0,1415.0,2855.0
2017-04-11,SBI,1425.0,1470.0,1425.0,1469.0,16011.0
2017-04-12,SBI,1498.0,1500.0,1455.0,1455.0,11039.0
2017-04-13,SBI,1426.0,1480.0,1401.0,1450.0,7202.0
2017-04-16,SBI,1425.0,1440.0,1404.0,1405.0,5914.0
2017-04-18,SBI,1380.0,1390.0,1350.0,1360.0,6560.0
2017-04-19,SBI,1360.0,1433.0,1349.0,1417.0,5444.0
2017-04-20,SBI,1445.0,1473.0,1406.0,1430.0,10047.0
2017-04-23,SBI,1458.0,1495.0,1440.0,1450.0,10995.0
2017-04-24,SBI,1455.0,1470.0,1440.0,1440.0,4176.0
2017-04-25,SBI,1415.0,1480.0,1415.0,1473.0,18710.0
2017-04-26,SBI,1465.0,1488.0,1427.0,1464.0,6795.0
2017-04-27,SBI,1475.0,1475.0,1422.0,1450.0,7893.0
2017-04-30,SBI,1427.0,1440.0,1401.0,1435.0,4648.0
2017-05-02,SBI,1440.0,1481.0,1440.0,1465.0,23629.0
2017-05-03,SBI,1494.0,1510.0,1456.0,1460.0,24286.0
2017-05-04,SBI,1478.0,1478.0,1450.0,1450.0,32852.0
2017-05-07,SBI,1455.0,1460.0,1396.0,1400.0,43900.0
2017-05-08,SBI,1400.0,1420.0,1390.0,1400.0,60255.0
2017-05-09,SBI,1029.0,1088.0,1045.0,1059.0,17148.0
2017-05-11,SBI,1071.0,1080.0,1055.0,1062.0,10588.0
2017-05-15,SBI,1061.0,1103.0,1060.0,1065.0,5328.0
2017-05-16,SBI,1066.0,1070.0,1057.0,1060.0,5118.0
2017-05-17,SBI,1077.0,1077.0,1050.0,1050.0,5775.0
2017-05-18,SBI,1050.0,1055.0,1029.0,1035.0,4272.0
2017-05-21,SBI,1030.0,1030.0,1005.0,1007.0,5302.0
2017-05-22,SBI,1010.0,1010.0,970.0,977.0,5004.0
2017-05-23,SBI,980.0,1040.0,980.0,1006.0,10601.0
2017-05-24,SBI,1006.0,1020.0,981.0,1010.0,5572.0
2017-05-28,SBI,1000.0,1010.0,991.0,995.0,8098.0
2017-05-30,SBI,1000.0,1000.0,985.0,990.0,16949.0
2017-05-31,SBI,985.0,990.0,976.0,989.0,8952.0
2017-06-01,SBI,989.0,1000.0,989.0,996.0,5211.0
2017-06-04,SBI,997.0,997.0,970.0,976.0,7730.0
2017-06-05,SBI,975.0,987.0,972.0,984.0,8620.0
2017-06-06,SBI,1003.0,1003.0,970.0,992.0,7868.0
2017-06-07,SBI,1005.0,1021.0,990.0,990.0,9880.0
2017-06-08,SBI,991.0,996.0,976.0,990.0,3751.0
2017-06-11,SBI,985.0,985.0,966.0,970.0,12759.0
2017-06-12,SBI,965.0,984.0,960.0,978.0,4633.0
2017-06-13,SBI,985.0,985.0,965.0,965.0,6588.0
2017-06-14,SBI,971.0,971.0,962.0,966.0,3510.0
2017-06-15,SBI,980.0,980.0,960.0,969.0,6806.0
2017-06-18,SBI,969.0,972.0,957.0,962.0,7908.0
2017-06-19,SBI,962.0,962.0,928.0,928.0,6978.0
2017-06-20,SBI,932.0,934.0,915.0,929.0,9329.0
2017-06-21,SBI,930.0,938.0,924.0,930.0,4037.0
2017-06-22,SBI,930.0,933.0,925.0,925.0,7637.0
2017-06-25,SBI,940.0,940.0,927.0,932.0,11558.0
2017-06-27,SBI,934.0,940.0,927.0,930.0,6916.0
2017-06-28,SBI,930.0,935.0,925.0,928.0,3055.0
2017-07-02,SBI,911.0,918.0,908.0,908.0,3502.0
2017-07-03,SBI,926.0,930.0,912.0,921.0,1147.0
2017-07-04,SBI,921.0,926.0,911.0,915.0,3304.0
2017-07-05,SBI,918.0,918.0,905.0,914.0,6555.0
2017-07-06,SBI,925.0,925.0,915.0,924.0,5027.0
2017-07-09,SBI,924.0,945.0,910.0,910.0,9037.0
2017-07-10,SBI,912.0,928.0,912.0,924.0,4317.0
2017-07-11,SBI,926.0,928.0,919.0,920.0,6035.0
2017-07-12,SBI,935.0,935.0,920.0,920.0,2885.0
2017-07-13,SBI,925.0,934.0,921.0,925.0,3508.0
2017-07-16,SBI,925.0,925.0,915.0,924.0,9987.0
2017-07-17,SBI,930.0,941.0,922.0,940.0,5888.0
2017-07-18,SBI,940.0,965.0,940.0,946.0,5464.0
2017-07-19,SBI,945.0,955.0,940.0,949.0,4996.0
2017-07-20,SBI,940.0,953.0,940.0,950.0,6889.0
2017-07-23,SBI,951.0,950.0,936.0,948.0,10654.0
2017-07-24,SBI,930.0,949.0,930.0,940.0,6695.0
2017-07-25,SBI,940.0,947.0,938.0,943.0,4268.0
2017-07-26,SBI,940.0,940.0,927.0,930.0,1412.0
2017-07-27,SBI,930.0,930.0,912.0,929.0,6927.0
2017-07-30,SBI,920.0,935.0,914.0,915.0,4944.0
2017-07-31,SBI,927.0,943.0,924.0,936.0,7506.0
2017-08-01,SBI,940.0,950.0,920.0,930.0,4008.0
2017-08-02,SBI,918.0,940.0,918.0,932.0,3269.0
2017-08-03,SBI,930.0,950.0,935.0,940.0,6365.0
2017-08-06,SBI,945.0,963.0,941.0,943.0,7644.0
2017-08-07,SBI,945.0,945.0,937.0,939.0,1901.0
2017-08-09,SBI,942.0,943.0,930.0,935.0,3027.0
2017-08-10,SBI,943.0,943.0,925.0,928.0,5714.0
2017-08-13,SBI,925.0,925.0,919.0,920.0,2422.0
2017-08-15,SBI,938.0,938.0,900.0,910.0,7987.0
2017-08-16,SBI,910.0,920.0,901.0,914.0,7244.0
2017-08-17,SBI,910.0,918.0,910.0,915.0,5595.0
2017-08-20,SBI,915.0,915.0,900.0,909.0,5742.0
2017-08-21,SBI,910.0,910.0,900.0,907.0,6817.0
2017-08-22,SBI,900.0,907.0,896.0,904.0,11446.0
2017-08-23,SBI,904.0,905.0,895.0,897.0,6688.0
2017-08-24,SBI,897.0,900.0,895.0,895.0,6710.0
2017-08-27,SBI,895.0,905.0,895.0,895.0,7432.0
2017-08-28,SBI,910.0,910.0,880.0,888.0,11180.0
2017-08-30,SBI,888.0,883.0,870.0,874.0,7250.0
2017-08-31,SBI,874.0,875.0,865.0,865.0,15627.0
2017-09-04,SBI,860.0,864.0,842.0,846.0,9138.0
2017-09-06,SBI,850.0,856.0,842.0,846.0,8696.0
2017-09-07,SBI,855.0,855.0,837.0,841.0,8351.0
2017-09-10,SBI,834.0,834.0,808.0,810.0,15664.0
2017-09-11,SBI,810.0,815.0,796.0,806.0,12685.0
2017-09-12,SBI,805.0,805.0,790.0,798.0,11237.0
2017-09-13,SBI,785.0,799.0,765.0,779.0,9664.0
2017-09-14,SBI,784.0,800.0,775.0,796.0,6414.0
2017-09-17,SBI,811.0,825.0,807.0,817.0,7552.0
2017-09-18,SBI,829.0,862.0,822.0,841.0,7521.0
2017-09-20,SBI,841.0,850.0,838.0,845.0,5765.0
2017-09-24,SBI,845.0,845.0,835.0,841.0,2546.0
2017-09-25,SBI,845.0,845.0,836.0,840.0,2990.0
2017-09-26,SBI,850.0,854.0,847.0,854.0,2505.0
2017-10-03,SBI,840.0,850.0,840.0,850.0,195.0
2017-10-04,SBI,850.0,852.0,834.0,840.0,1401.0
2017-10-08,SBI,830.0,830.0,790.0,806.0,6919.0
2017-10-09,SBI,810.0,810.0,799.0,805.0,5741.0
2017-10-10,SBI,800.0,810.0,796.0,806.0,6216.0
2017-10-11,SBI,800.0,816.0,800.0,806.0,4328.0
2017-10-12,SBI,815.0,815.0,800.0,802.0,6465.0
2017-10-15,SBI,800.0,809.0,800.0,800.0,4322.0
2017-10-16,SBI,800.0,830.0,800.0,819.0,13433.0
2017-10-17,SBI,830.0,840.0,816.0,830.0,7141.0
2017-10-18,SBI,825.0,828.0,817.0,822.0,4403.0
2017-10-22,SBI,835.0,835.0,815.0,815.0,2880.0
2017-10-23,SBI,815.0,820.0,813.0,820.0,3519.0
2017-10-24,SBI,820.0,818.0,812.0,815.0,2011.0
2017-10-25,SBI,810.0,814.0,807.0,810.0,14991.0
2017-10-29,SBI,794.0,800.0,785.0,800.0,7009.0
2017-10-30,SBI,800.0,800.0,791.0,797.0,5269.0
2017-10-31,SBI,796.0,800.0,792.0,799.0,3487.0
2017-11-01,SBI,791.0,791.0,780.0,781.0,4295.0
2017-11-02,SBI,780.0,780.0,770.0,775.0,5501.0
2017-11-05,SBI,775.0,779.0,762.0,766.0,6160.0
2017-11-06,SBI,766.0,779.0,760.0,770.0,7515.0
2017-11-07,SBI,770.0,775.0,760.0,760.0,7496.0
2017-11-08,SBI,759.0,759.0,740.0,749.0,13146.0
2017-11-09,SBI,740.0,748.0,730.0,740.0,7909.0
2017-11-12,SBI,740.0,747.0,740.0,745.0,2717.0
2017-11-13,SBI,752.0,760.0,741.0,745.0,5324.0
2017-11-14,SBI,755.0,768.0,750.0,760.0,5559.0
2017-11-15,SBI,775.0,775.0,739.0,745.0,14132.0
2017-11-16,SBI,743.0,747.0,739.0,740.0,9428.0
2017-11-19,SBI,740.0,741.0,721.0,730.0,7396.0
2017-11-20,SBI,725.0,731.0,723.0,731.0,4597.0
2017-11-21,SBI,731.0,743.0,726.0,735.0,2180.0
2017-11-22,SBI,735.0,742.0,735.0,738.0,2217.0
2017-11-23,SBI,738.0,754.0,732.0,745.0,3878.0
2017-11-26,SBI,745.0,759.0,749.0,750.0,2352.0
2017-11-27,SBI,750.0,753.0,745.0,750.0,6728.0
2017-11-28,SBI,751.0,758.0,751.0,756.0,1401.0
2017-11-29,SBI,756.0,763.0,749.0,750.0,11857.0
2017-11-30,SBI,752.0,753.0,743.0,747.0,7450.0
2017-12-04,SBI,750.0,750.0,730.0,736.0,13833.0
2017-12-05,SBI,730.0,740.0,730.0,736.0,10016.0
2017-12-06,SBI,749.0,755.0,746.0,746.0,6571.0
2017-12-10,SBI,760.0,775.0,745.0,753.0,9441.0
2017-12-11,SBI,754.0,755.0,735.0,738.0,8931.0
2017-12-12,SBI,736.0,742.0,728.0,730.0,18243.0
2017-12-13,SBI,730.0,745.0,721.0,742.0,8777.0
2017-12-14,SBI,742.0,747.0,739.0,743.0,11288.0
2017-12-17,SBI,645.0,641.0,620.0,627.0,6792.0
2017-12-18,SBI,625.0,626.0,620.0,620.0,6137.0
2017-12-19,SBI,615.0,620.0,610.0,615.0,6738.0
2017-12-20,SBI,605.0,615.0,605.0,610.0,4289.0
2017-12-21,SBI,610.0,610.0,606.0,609.0,4407.0
2017-12-24,SBI,609.0,616.0,605.0,606.0,6506.0
2017-12-26,SBI,610.0,610.0,599.0,600.0,9074.0
2017-12-27,SBI,598.0,598.0,587.0,591.0,11371.0
2017-12-28,SBI,592.0,595.0,587.0,590.0,9409.0
2017-12-31,SBI,590.0,597.0,585.0,587.0,2746.0
2018-01-01,SBI,595.0,613.0,591.0,613.0,9663.0
2018-01-02,SBI,613.0,620.0,606.0,610.0,12351.0
2018-01-03,SBI,611.0,611.0,595.0,600.0,8889.0
2018-01-04,SBI,601.0,612.0,597.0,599.0,6853.0
2018-01-07,SBI,601.0,603.0,598.0,599.0,6993.0
2018-01-08,SBI,600.0,605.0,600.0,602.0,12622.0
2018-01-09,SBI,602.0,605.0,600.0,600.0,8914.0
2018-01-10,SBI,608.0,608.0,595.0,599.0,12713.0
2018-01-14,SBI,588.0,600.0,588.0,596.0,5927.0
2018-01-16,SBI,595.0,597.0,592.0,594.0,4659.0
2018-01-17,SBI,594.0,596.0,589.0,592.0,3443.0
2018-01-21,SBI,599.0,599.0,590.0,592.0,4218.0
2018-01-22,SBI,593.0,599.0,590.0,594.0,1462.0
2018-01-23,SBI,590.0,591.0,588.0,589.0,3915.0
2018-01-24,SBI,578.0,590.0,578.0,587.0,3331.0
2018-01-25,SBI,590.0,594.0,588.0,592.0,2139.0
2018-01-28,SBI,595.0,600.0,593.0,595.0,6477.0
2018-01-29,SBI,596.0,597.0,590.0,595.0,5011.0
2018-01-31,SBI,597.0,600.0,594.0,594.0,4522.0
2018-02-01,SBI,600.0,600.0,593.0,594.0,6823.0
2018-02-04,SBI,595.0,600.0,592.0,595.0,4455.0
2018-02-05,SBI,597.0,599.0,591.0,591.0,7677.0
2018-02-06,SBI,593.0,593.0,585.0,591.0,2890.0
2018-02-07,SBI,597.0,597.0,586.0,589.0,4143.0
2018-02-08,SBI,586.0,590.0,586.0,590.0,4368.0
2018-02-11,SBI,590.0,595.0,584.0,593.0,5252.0
2018-02-12,SBI,592.0,592.0,586.0,587.0,3354.0
2018-02-14,SBI,595.0,592.0,584.0,590.0,1745.0
2018-02-15,SBI,590.0,603.0,590.0,600.0,17368.0
2018-02-18,SBI,600.0,610.0,594.0,594.0,10335.0
2018-02-20,SBI,586.0,597.0,586.0,591.0,932.0
2018-02-21,SBI,586.0,593.0,586.0,587.0,3425.0
2018-02-22,SBI,585.0,590.0,585.0,588.0,2644.0
2018-02-25,SBI,588.0,588.0,570.0,574.0,6660.0
2018-02-26,SBI,571.0,571.0,566.0,570.0,5312.0
2018-02-27,SBI,574.0,574.0,565.0,570.0,3605.0
2018-02-28,SBI,570.0,570.0,563.0,565.0,4724.0
2018-03-04,SBI,555.0,555.0,535.0,548.0,5199.0
2018-03-05,SBI,548.0,558.0,548.0,553.0,3838.0
2018-03-06,SBI,543.0,560.0,543.0,557.0,8155.0
2018-03-07,SBI,568.0,571.0,562.0,569.0,2913.0
2018-03-11,SBI,569.0,570.0,555.0,555.0,3105.0
2018-03-12,SBI,555.0,566.0,549.0,549.0,9156.0
2018-03-13,SBI,559.0,559.0,549.0,555.0,4984.0
2018-03-14,SBI,558.0,562.0,555.0,562.0,2480.0
2018-03-15,SBI,563.0,563.0,559.0,562.0,990.0
2018-03-18,SBI,553.0,564.0,553.0,554.0,1374.0
2018-03-19,SBI,554.0,559.0,552.0,558.0,1801.0
2018-03-20,SBI,551.0,551.0,538.0,550.0,1806.0
2018-03-21,SBI,541.0,541.0,528.0,530.0,4008.0
2018-03-22,SBI,530.0,545.0,520.0,545.0,11413.0
2018-03-26,SBI,535.0,535.0,515.0,521.0,6781.0
2018-03-27,SBI,510.0,530.0,495.0,530.0,6144.0
2018-03-28,SBI,531.0,550.0,525.0,540.0,4190.0
2018-03-29,SBI,545.0,545.0,535.0,541.0,4411.0
2018-04-01,SBI,532.0,535.0,522.0,534.0,3279.0
2018-04-02,SBI,531.0,531.0,524.0,524.0,2933.0
2018-04-03,SBI,524.0,524.0,516.0,521.0,8921.0
2018-04-04,SBI,522.0,526.0,520.0,521.0,16799.0
2018-04-05,SBI,530.0,531.0,525.0,527.0,24821.0
2018-04-08,SBI,536.0,549.0,530.0,547.0,16540.0
2018-04-09,SBI,557.0,560.0,544.0,552.0,19602.0
2018-04-10,SBI,551.0,563.0,546.0,547.0,8153.0
2018-04-11,SBI,540.0,549.0,540.0,549.0,2343.0
2018-04-12,SBI,547.0,555.0,543.0,550.0,8075.0
2018-04-15,SBI,550.0,550.0,545.0,549.0,3558.0
2018-04-16,SBI,555.0,560.0,550.0,556.0,2938.0
2018-04-17,SBI,556.0,564.0,556.0,563.0,5143.0
2018-04-18,SBI,568.0,595.0,561.0,575.0,6019.0
2018-04-19,SBI,583.0,596.0,575.0,587.0,9519.0
2018-04-22,SBI,585.0,615.0,596.0,615.0,9916.0
2018-04-23,SBI,623.0,634.0,603.0,623.0,16081.0
2018-04-24,SBI,615.0,615.0,597.0,599.0,7520.0
2018-04-25,SBI,595.0,610.0,584.0,593.0,3354.0
2018-04-26,SBI,603.0,605.0,565.0,565.0,8532.0
2018-04-29,SBI,560.0,575.0,560.0,572.0,3428.0
2018-05-02,SBI,568.0,575.0,560.0,575.0,2691.0
2018-05-03,SBI,581.0,584.0,569.0,569.0,5253.0
2018-05-06,SBI,560.0,565.0,556.0,559.0,3731.0
2018-05-07,SBI,559.0,571.0,554.0,561.0,3272.0
2018-05-08,SBI,557.0,563.0,557.0,563.0,5829.0
2018-05-09,SBI,563.0,570.0,560.0,560.0,2979.0
2018-05-10,SBI,560.0,562.0,549.0,560.0,3337.0
2018-05-14,SBI,560.0,560.0,550.0,553.0,4139.0
2018-05-15,SBI,550.0,553.0,545.0,550.0,1322.0
2018-05-16,SBI,561.0,561.0,541.0,550.0,2475.0
2018-05-17,SBI,550.0,561.0,548.0,548.0,1811.0
2018-05-20,SBI,557.0,557.0,543.0,546.0,1349.0
2018-05-21,SBI,546.0,546.0,531.0,539.0,3809.0
2018-05-22,SBI,530.0,540.0,530.0,533.0,7107.0
2018-05-23,SBI,536.0,541.0,534.0,534.0,2506.0
2018-05-24,SBI,534.0,534.0,528.0,531.0,6110.0
2018-05-27,SBI,526.0,528.0,517.0,522.0,10634.0
2018-05-28,SBI,520.0,538.0,515.0,533.0,12777.0
2018-05-29,SBI,540.0,540.0,525.0,530.0,7640.0
2018-05-30,SBI,530.0,540.0,530.0,532.0,5180.0
2018-05-31,SBI,530.0,530.0,525.0,525.0,1320.0
2018-06-03,SBI,520.0,529.0,511.0,513.0,6585.0
2018-06-04,SBI,510.0,515.0,503.0,513.0,3852.0
2018-06-06,SBI,525.0,525.0,505.0,513.0,5920.0
2018-06-07,SBI,525.0,525.0,505.0,513.0,5920.0
2018-06-10,SBI,503.0,505.0,496.0,501.0,7146.0
2018-06-11,SBI,504.0,510.0,496.0,505.0,10916.0
2018-06-12,SBI,500.0,510.0,500.0,501.0,3331.0
2018-06-13,SBI,506.0,509.0,502.0,509.0,3128.0
2018-06-14,SBI,511.0,517.0,510.0,515.0,1741.0
2018-06-17,SBI,515.0,515.0,500.0,502.0,6523.0
2018-06-18,SBI,500.0,505.0,495.0,504.0,1256.0
2018-06-19,SBI,502.0,504.0,499.0,500.0,2623.0
2018-06-20,SBI,500.0,502.0,500.0,501.0,2099.0
2018-06-21,SBI,500.0,508.0,498.0,503.0,2481.0
2018-06-24,SBI,505.0,508.0,500.0,500.0,3080.0
2018-06-25,SBI,496.0,500.0,496.0,500.0,13038.0
2018-06-26,SBI,501.0,502.0,498.0,498.0,9219.0
2018-06-27,SBI,497.0,500.0,493.0,496.0,2875.0
2018-06-28,SBI,500.0,500.0,496.0,497.0,4954.0
2018-07-01,SBI,497.0,499.0,490.0,497.0,10468.0
2018-07-02,SBI,490.0,495.0,487.0,487.0,1913.0
2018-07-03,SBI,495.0,495.0,487.0,490.0,2266.0
2018-07-04,SBI,485.0,495.0,481.0,493.0,6466.0
2018-07-05,SBI,495.0,507.0,490.0,506.0,4818.0
2018-07-08,SBI,507.0,522.0,505.0,514.0,3283.0
2018-07-09,SBI,508.0,508.0,497.0,501.0,1983.0
2018-07-10,SBI,502.0,504.0,500.0,501.0,2073.0
2018-07-11,SBI,501.0,503.0,500.0,503.0,1275.0
2018-07-12,SBI,500.0,510.0,490.0,496.0,6053.0
2018-07-15,SBI,501.0,502.0,495.0,499.0,1109.0
2018-07-16,SBI,499.0,499.0,498.0,499.0,712.0
2018-07-17,SBI,490.0,500.0,490.0,494.0,2146.0
2018-07-18,SBI,496.0,503.0,496.0,500.0,699.0
2018-07-19,SBI,497.0,501.0,495.0,500.0,2531.0
2018-07-22,SBI,497.0,502.0,495.0,496.0,668.0
2018-07-23,SBI,505.0,505.0,495.0,496.0,1610.0
2018-07-24,SBI,503.0,507.0,502.0,505.0,5989.0
2018-07-25,SBI,503.0,505.0,501.0,502.0,1239.0
2018-07-26,SBI,496.0,504.0,496.0,500.0,4251.0
2018-07-29,SBI,500.0,505.0,500.0,504.0,2182.0
2018-07-30,SBI,504.0,506.0,500.0,504.0,6875.0
2018-07-31,SBI,504.0,505.0,502.0,502.0,3497.0
2018-08-01,SBI,505.0,505.0,502.0,505.0,3124.0
2018-08-02,SBI,500.0,505.0,500.0,502.0,1337.0
2018-08-05,SBI,500.0,504.0,497.0,503.0,1980.0
2018-08-06,SBI,504.0,505.0,501.0,505.0,4282.0
2018-08-07,SBI,515.0,515.0,495.0,498.0,3583.0
2018-08-08,SBI,500.0,505.0,498.0,500.0,1625.0
2018-08-09,SBI,500.0,500.0,495.0,496.0,3166.0
2018-08-12,SBI,496.0,496.0,490.0,493.0,1318.0
2018-08-13,SBI,495.0,498.0,495.0,496.0,4599.0
2018-08-14,SBI,497.0,500.0,496.0,499.0,3259.0
2018-08-15,SBI,499.0,508.0,497.0,504.0,3945.0
2018-08-16,SBI,512.0,512.0,505.0,505.0,1571.0
2018-08-19,SBI,503.0,510.0,500.0,509.0,4584.0
2018-08-20,SBI,505.0,505.0,495.0,500.0,3444.0
2018-08-21,SBI,495.0,499.0,494.0,495.0,5245.0
2018-08-22,SBI,495.0,495.0,495.0,495.0,3281.0
2018-08-23,SBI,494.0,496.0,494.0,495.0,6645.0
2018-08-26,SBI,495.0,497.0,494.0,497.0,959.0
2018-08-28,SBI,500.0,500.0,492.0,495.0,1935.0
2018-08-29,SBI,490.0,500.0,490.0,497.0,4269.0
2018-08-30,SBI,495.0,496.0,489.0,493.0,2756.0
2018-09-02,SBI,495.0,502.0,492.0,495.0,5513.0
2018-09-03,SBI,500.0,502.0,498.0,498.0,3296.0
2018-09-04,SBI,501.0,502.0,495.0,498.0,6779.0
2018-09-05,SBI,495.0,512.0,495.0,510.0,10859.0
2018-09-06,SBI,515.0,516.0,500.0,500.0,9443.0
2018-09-09,SBI,505.0,505.0,499.0,500.0,4317.0
2018-09-10,SBI,496.0,499.0,495.0,496.0,6427.0
2018-09-11,SBI,500.0,500.0,496.0,498.0,8302.0
2018-09-12,SBI,496.0,501.0,495.0,501.0,9703.0
2018-09-13,SBI,502.0,502.0,497.0,502.0,11759.0
2018-09-16,SBI,506.0,518.0,505.0,510.0,13288.0
2018-09-17,SBI,508.0,510.0,505.0,506.0,8967.0
2018-09-18,SBI,501.0,510.0,496.0,507.0,4763.0
2018-09-20,SBI,505.0,506.0,500.0,501.0,4445.0
2018-09-23,SBI,498.0,503.0,497.0,500.0,7403.0
2018-09-25,SBI,505.0,512.0,505.0,510.0,7997.0
2018-09-26,SBI,509.0,514.0,505.0,507.0,4135.0
2018-09-27,SBI,507.0,507.0,500.0,501.0,9225.0
2018-09-30,SBI,501.0,508.0,498.0,498.0,2981.0
2018-10-01,SBI,498.0,498.0,490.0,490.0,9199.0
2018-10-02,SBI,499.0,499.0,489.0,491.0,13099.0
2018-10-03,SBI,491.0,493.0,489.0,491.0,9153.0
2018-10-04,SBI,500.0,500.0,485.0,490.0,2982.0
2018-10-07,SBI,490.0,490.0,486.0,490.0,4036.0
2018-10-08,SBI,495.0,495.0,485.0,486.0,5671.0
2018-10-09,SBI,486.0,487.0,485.0,485.0,1477.0
2018-10-10,SBI,485.0,486.0,484.0,485.0,2277.0
2018-10-11,SBI,485.0,488.0,482.0,487.0,1591.0
2018-10-14,SBI,487.0,490.0,485.0,490.0,923.0
2018-10-15,SBI,491.0,498.0,490.0,492.0,2554.0
2018-10-21,SBI,492.0,495.0,488.0,490.0,1995.0
2018-10-22,SBI,490.0,495.0,487.0,487.0,5386.0
2018-10-23,SBI,487.0,489.0,483.0,485.0,8729.0
2018-10-24,SBI,485.0,494.0,485.0,494.0,3201.0
2018-10-25,SBI,494.0,497.0,488.0,497.0,3401.0
2018-10-28,SBI,497.0,497.0,486.0,486.0,1558.0
2018-10-29,SBI,480.0,486.0,477.0,484.0,2671.0
2018-10-30,SBI,480.0,484.0,479.0,482.0,2885.0
2018-10-31,SBI,483.0,488.0,482.0,484.0,957.0
2018-11-01,SBI,483.0,491.0,475.0,484.0,6782.0
2018-11-04,SBI,480.0,480.0,475.0,478.0,2139.0
2018-11-05,SBI,476.0,482.0,475.0,482.0,2488.0
2018-11-14,SBI,478.0,478.0,472.0,472.0,3620.0
2018-11-15,SBI,472.0,474.0,465.0,470.0,6291.0
2018-11-18,SBI,470.0,470.0,447.0,453.0,3573.0
2018-11-19,SBI,455.0,457.0,441.0,448.0,4863.0
2018-11-20,SBI,448.0,450.0,443.0,443.0,1229.0
2018-11-21,SBI,443.0,444.0,436.0,438.0,5750.0
2018-11-22,SBI,440.0,445.0,440.0,440.0,4852.0
2018-11-25,SBI,440.0,440.0,425.0,425.0,4338.0
2018-11-26,SBI,425.0,430.0,419.0,419.0,15838.0
2018-11-27,SBI,419.0,428.0,419.0,419.0,13614.0
2018-11-28,SBI,419.0,420.0,415.0,417.0,8242.0
2018-11-29,SBI,416.05,417.0,408.0,412.0,2978.0
2018-12-02,SBI,412.0,412.0,400.0,401.0,12782.0
2018-12-03,SBI,401.0,407.0,398.0,398.0,10228.0
2018-12-04,SBI,398.0,398.0,389.0,390.0,23526.0
2018-12-06,SBI,389.0,395.0,380.0,394.0,17391.0
2018-12-09,SBI,394.0,398.0,388.0,394.0,15696.0
2018-12-10,SBI,394.0,406.0,391.0,402.0,16918.0
2018-12-11,SBI,402.0,407.0,396.0,398.0,7855.0
2018-12-12,SBI,398.0,405.0,390.0,396.0,6952.0
2018-12-13,SBI,396.0,407.0,396.0,404.0,4585.0
2018-12-16,SBI,404.0,415.0,404.0,408.0,8865.0
2018-12-17,SBI,408.0,410.0,404.0,405.0,8512.0
2018-12-18,SBI,405.0,408.0,402.0,404.0,1818.0
2018-12-19,SBI,404.0,410.0,402.0,403.0,2405.0
2018-12-20,SBI,403.0,404.0,401.0,402.0,8221.0
2018-12-23,SBI,402.0,418.0,402.0,416.0,10210.0
2018-12-24,SBI,416.0,416.0,409.0,412.0,4814.0
2018-12-25,SBI,412.0,412.0,408.0,410.0,2653.0
2018-12-26,SBI,410.0,429.0,410.0,429.0,7006.0
2018-12-27,SBI,429.0,437.0,427.0,427.0,14119.0
2018-12-30,SBI,427.0,434.0,421.0,425.0,1830.0
2018-12-31,SBI,425.0,425.0,420.0,420.0,5340.0
2019-01-01,SBI,420.0,431.0,420.0,424.0,15649.0
2019-01-02,SBI,403.81,403.81,394.0,394.0,4830.0
2019-01-03,SBI,394.0,398.0,391.0,391.0,2976.0
2019-01-06,SBI,391.0,391.0,383.0,389.0,3991.0
2019-01-07,SBI,389.0,395.0,389.0,392.0,1158.0
2019-01-08,SBI,392.0,396.0,390.0,390.0,4006.0
2019-01-09,SBI,390.0,396.0,390.0,392.0,1480.0
2019-01-10,SBI,392.0,395.0,387.0,387.0,7339.0
2019-01-13,SBI,387.0,391.0,387.0,388.0,1345.0
2019-01-14,SBI,388.0,392.0,388.0,389.0,993.0
2019-01-15,SBI,389.0,397.0,389.0,392.0,1736.0
2019-01-16,SBI,392.0,392.0,385.0,385.0,1821.0
2019-01-17,SBI,385.0,392.0,385.0,390.0,1178.0
2019-01-20,SBI,390.0,390.0,386.0,387.0,450.0
2019-01-21,SBI,387.0,399.0,387.0,399.0,6478.0
2019-01-22,SBI,399.0,400.0,392.0,400.0,5471.0
2019-01-23,SBI,400.0,400.0,395.0,399.0,2550.0
2019-01-24,SBI,399.0,399.0,389.0,392.0,3199.0
2019-01-27,SBI,392.0,392.0,380.0,383.0,7692.0
2019-01-28,SBI,383.0,389.0,380.0,380.0,3484.0
2019-01-29,SBI,380.0,385.0,380.0,382.0,5340.0
2019-01-30,SBI,382.0,382.0,380.0,380.0,6132.0
2019-01-31,SBI,380.0,382.0,378.0,381.0,3031.0
2019-02-03,SBI,381.0,383.0,379.0,379.0,3047.0
2019-02-04,SBI,377.0,379.0,376.0,377.0,5795.0
2019-02-05,SBI,380.0,383.0,377.0,381.0,2876.0
2019-02-06,SBI,382.0,383.0,379.0,379.0,2924.0
2019-02-07,SBI,380.0,386.0,379.0,381.0,979.0
2019-02-10,SBI,380.0,381.0,378.0,380.0,1543.0
2019-02-11,SBI,383.0,383.0,376.0,377.0,2389.0
2019-02-12,SBI,379.0,381.0,377.0,381.0,2125.0
2019-02-13,SBI,380.0,381.0,377.0,378.0,2801.0
2019-02-14,SBI,380.0,380.0,377.0,377.0,290.0
2019-02-17,SBI,373.0,377.0,371.0,375.0,2213.0
2019-02-18,SBI,372.0,375.0,370.0,371.0,3343.0
2019-02-19,SBI,375.0,381.0,371.0,379.0,3946.0
2019-02-20,SBI,376.0,382.0,376.0,380.0,2016.0
2019-02-21,SBI,380.0,380.0,374.0,376.0,2358.0
2019-02-24,SBI,376.0,380.0,375.0,375.0,2048.0
2019-02-25,SBI,382.0,382.0,372.0,375.0,3899.0
2019-02-26,SBI,375.0,375.0,370.0,372.0,7230.0
2019-02-27,SBI,375.0,375.0,370.0,375.0,4594.0
2019-03-03,SBI,372.0,376.0,370.0,370.0,4208.0
2019-03-05,SBI,367.0,371.0,366.0,371.0,4892.0
2019-03-06,SBI,371.0,373.0,371.0,373.0,5521.0
2019-03-07,SBI,375.0,382.0,373.0,382.0,6781.0
2019-03-09,SBI,385.0,385.0,376.0,380.0,2465.0
2019-03-10,SBI,385.0,385.0,376.0,380.0,2465.0
2019-03-11,SBI,383.0,391.0,380.0,387.0,4631.0
2019-03-12,SBI,387.0,399.0,387.0,395.0,6983.0
2019-03-13,SBI,402.0,402.0,395.0,395.0,1305.0
2019-03-14,SBI,395.0,395.0,390.0,391.0,6818.0
2019-03-17,SBI,392.0,399.0,392.0,392.0,3236.0
2019-03-18,SBI,392.0,399.0,392.0,394.0,5096.0
2019-03-19,SBI,390.0,395.0,390.0,392.0,274.0
2019-03-21,SBI,395.0,395.0,390.0,392.0,2148.0
2019-03-24,SBI,393.0,394.0,383.0,385.0,3103.0
2019-03-25,SBI,385.0,395.0,383.0,395.0,6754.0
2019-03-26,SBI,395.0,395.0,390.0,391.0,4153.0
2019-03-27,SBI,391.0,395.0,390.0,390.0,4480.0
2019-03-28,SBI,389.0,391.0,388.0,391.0,3379.0
2019-03-31,SBI,398.0,398.0,385.0,387.0,10285.0
2019-04-01,SBI,382.0,392.0,382.0,392.0,6589.0
2019-04-02,SBI,395.0,401.0,395.0,398.0,6596.0
2019-04-03,SBI,396.0,403.0,395.0,398.0,6010.0
2019-04-04,SBI,400.0,405.0,395.0,403.0,13408.0
2019-04-07,SBI,400.0,417.0,400.0,417.0,11263.0
2019-04-08,SBI,417.0,426.0,407.0,421.0,10664.0
2019-04-09,SBI,422.0,424.0,411.0,412.0,11344.0
2019-04-10,SBI,407.0,418.0,407.0,417.0,2502.0
2019-04-11,SBI,421.0,421.0,412.0,412.0,8113.0
2019-04-15,SBI,411.0,415.0,411.0,415.0,1557.0
2019-04-16,SBI,415.0,425.0,415.0,425.0,3364.0
2019-04-17,SBI,425.0,440.0,427.0,436.0,20209.0
2019-04-18,SBI,444.0,465.0,441.0,465.0,20793.0
2019-04-21,SBI,473.0,511.0,467.0,511.0,36288.0
2019-04-22,SBI,520.0,525.0,486.0,497.0,47770.0
2019-04-23,SBI,495.0,516.0,495.0,505.0,20561.0
2019-04-24,SBI,509.0,530.0,505.0,518.0,27529.0
2019-04-25,SBI,520.0,522.0,505.0,508.0,22642.0
2019-04-28,SBI,516.0,520.0,500.0,501.0,18024.0
2019-04-29,SBI,505.0,505.0,490.0,496.0,10964.0
2019-04-30,SBI,500.0,500.0,481.0,481.0,9063.0
2019-05-02,SBI,480.0,492.0,475.0,485.0,7658.0
2019-05-05,SBI,477.0,484.0,476.0,484.0,10515.0
2019-05-06,SBI,485.0,500.0,476.0,497.0,13280.0
2019-05-07,SBI,506.0,506.0,483.0,488.0,6141.0
2019-05-08,SBI,488.0,496.0,480.0,492.0,11125.0
2019-05-09,SBI,484.0,487.0,483.0,483.0,7530.0
2019-05-12,SBI,474.0,488.0,474.0,487.0,14995.0
2019-05-13,SBI,482.0,490.0,482.0,488.0,2938.0
2019-05-14,SBI,488.0,495.0,485.0,485.0,7362.0
2019-05-15,SBI,494.0,503.0,491.0,497.0,28909.0
2019-05-16,SBI,501.0,501.0,489.0,489.0,9503.0
2019-05-19,SBI,483.0,492.0,482.0,482.0,11199.0
2019-05-20,SBI,482.0,485.0,480.0,480.0,7962.0
2019-05-21,SBI,480.0,487.0,480.0,480.0,10509.0
2019-05-22,SBI,484.0,485.0,476.0,476.0,5506.0
2019-05-23,SBI,480.0,489.0,478.0,482.0,13628.0
2019-05-26,SBI,480.0,487.0,472.0,474.0,7066.0
2019-05-27,SBI,475.0,478.0,470.0,473.0,12649.0
2019-05-28,SBI,475.0,480.0,470.0,478.0,4543.0
2019-05-29,SBI,480.0,484.0,471.0,480.0,16477.0
2019-05-30,SBI,489.0,500.0,482.0,488.0,23759.0
2019-06-02,SBI,485.0,487.0,481.0,482.0,5117.0
2019-06-03,SBI,482.0,482.0,472.0,472.0,4953.0
2019-06-04,SBI,471.0,477.0,471.0,475.0,14369.0
2019-06-06,SBI,484.0,484.0,472.0,472.0,11232.0
2019-06-10,SBI,470.0,472.0,465.0,470.0,12681.0
2019-06-11,SBI,468.0,474.0,465.0,467.0,7756.0
2019-06-12,SBI,466.0,472.0,462.0,466.0,17999.0
2019-06-13,SBI,465.0,466.0,462.0,464.0,14022.0
2019-06-16,SBI,464.0,465.0,462.0,462.0,7096.0
2019-06-17,SBI,463.0,468.0,461.0,463.0,11133.0
2019-06-18,SBI,461.0,466.0,460.0,460.0,9113.0
2019-06-19,SBI,459.0,461.0,458.0,461.0,3074.0
2019-06-20,SBI,464.0,465.0,463.0,463.0,6687.0
2019-06-23,SBI,463.0,465.0,462.0,464.0,3172.0
2019-06-24,SBI,464.0,465.0,460.0,465.0,18641.0
2019-06-25,SBI,467.0,468.0,464.0,465.0,4966.0
2019-06-26,SBI,465.0,465.0,458.0,462.0,5778.0
2019-06-27,SBI,458.0,464.0,458.0,462.0,5543.0
2019-06-30,SBI,462.0,465.0,460.0,465.0,7096.0
2019-07-01,SBI,461.0,465.0,461.0,464.0,6370.0
2019-07-02,SBI,460.0,466.0,460.0,466.0,8287.0
2019-07-03,SBI,466.0,480.0,463.0,475.0,7617.0
2019-07-04,SBI,471.0,472.0,467.0,467.0,7806.0
2019-07-07,SBI,464.0,467.0,463.0,466.0,6239.0
2019-07-08,SBI,463.0,465.0,460.0,462.0,5234.0
2019-07-09,SBI,460.0,462.0,458.0,462.0,6693.0
2019-07-10,SBI,460.0,465.0,458.0,460.0,9928.0
2019-07-11,SBI,460.0,462.0,459.0,459.0,6219.0
2019-07-14,SBI,460.0,464.0,460.0,461.0,4191.0
2019-07-15,SBI,469.0,469.0,463.0,464.0,4202.0
2019-07-16,SBI,464.0,469.0,463.0,469.0,2622.0
2019-07-17,SBI,470.0,477.0,470.0,473.0,4849.0
2019-07-18,SBI,473.0,478.0,471.0,473.0,6845.0
2019-07-21,SBI,475.0,475.0,470.0,470.0,5500.0
2019-07-22,SBI,472.0,476.0,470.0,475.0,5825.0
2019-07-23,SBI,470.0,475.0,470.0,473.0,1979.0
2019-07-24,SBI,472.0,484.0,472.0,479.0,9232.0
2019-07-25,SBI,475.0,480.0,470.0,470.0,10784.0
2019-07-28,SBI,461.0,465.0,460.0,460.0,9954.0
2019-07-29,SBI,460.0,466.0,460.0,465.0,2360.0
2019-07-30,SBI,465.0,470.0,465.0,470.0,3580.0
2019-07-31,SBI,468.0,470.0,463.0,465.0,8535.0
2019-08-01,SBI,467.0,468.0,461.0,464.0,6620.0
2019-08-04,SBI,465.0,465.0,462.0,464.0,2842.0
2019-08-05,SBI,466.0,466.0,461.0,464.0,5756.0
2019-08-06,SBI,464.0,469.0,459.0,459.0,14529.0
2019-08-07,SBI,457.0,462.0,456.0,458.0,8984.0
2019-08-08,SBI,460.0,460.0,450.0,450.0,4930.0
2019-08-11,SBI,451.0,455.0,440.0,444.0,6344.0
2019-08-12,SBI,452.0,461.0,445.0,447.0,2552.0
2019-08-13,SBI,445.0,445.0,442.0,445.0,7255.0
2019-08-14,SBI,445.0,447.0,443.0,443.0,6022.0
2019-08-15,SBI,440.0,446.0,440.0,445.0,2810.0
2019-08-18,SBI,445.0,445.0,439.0,440.0,18915.0
2019-08-19,SBI,440.0,456.0,439.0,446.0,5895.0
2019-08-20,SBI,439.0,454.0,439.0,442.0,2123.0
2019-08-21,SBI,442.0,448.0,442.0,445.0,3594.0
2019-08-22,SBI,450.0,451.0,445.0,445.0,5451.0
2019-08-25,SBI,450.0,453.0,443.0,453.0,11045.0
2019-08-26,SBI,446.0,448.0,443.0,448.0,3486.0
2019-08-27,SBI,442.0,450.0,442.0,450.0,7592.0
2019-08-28,SBI,448.0,449.0,444.0,445.0,6177.0
2019-08-29,SBI,442.0,445.0,440.0,445.0,5389.0
2019-09-01,SBI,446.0,449.0,440.0,440.0,4241.0
2019-09-02,SBI,437.0,442.0,432.0,432.0,4586.0
2019-09-03,SBI,432.0,447.0,424.0,440.0,5672.0
2019-09-04,SBI,444.0,448.0,444.0,445.0,3715.0
2019-09-05,SBI,440.0,450.0,440.0,444.0,2971.0
2019-09-08,SBI,450.0,444.0,428.0,432.0,3164.0
2019-09-09,SBI,426.0,432.0,420.0,422.0,14792.0
2019-09-10,SBI,425.0,430.0,420.0,426.0,4264.0
2019-09-11,SBI,427.0,434.0,426.0,426.0,1731.0
2019-09-12,SBI,429.0,429.0,424.0,425.0,1843.0
2019-09-15,SBI,419.0,425.0,417.0,417.0,7658.0
2019-09-16,SBI,413.0,419.0,410.0,410.0,6157.0
2019-09-17,SBI,418.0,423.0,414.0,415.0,4229.0
2019-09-18,SBI,422.0,428.0,403.0,428.0,15597.0
2019-09-19,SBI,429.0,429.0,420.0,420.0,4473.0
2019-09-22,SBI,415.0,415.0,409.0,411.0,3485.0
2019-09-23,SBI,410.0,411.0,405.0,406.0,5483.0
2019-09-24,SBI,402.0,409.0,401.0,403.0,5453.0
2019-09-26,SBI,406.0,406.0,403.0,405.0,2324.0
2019-09-29,SBI,402.0,405.0,402.0,403.0,1324.0
2019-09-30,SBI,402.0,402.0,390.0,396.0,4841.0
2019-10-01,SBI,398.0,410.0,395.0,405.0,6715.0
2019-10-02,SBI,413.0,413.0,405.0,408.0,4519.0
2019-10-03,SBI,408.0,410.0,408.0,409.0,4892.0
2019-10-10,SBI,415.0,415.0,408.0,408.0,1050.0
2019-10-14,SBI,408.0,408.0,397.0,400.0,2159.0
2019-10-15,SBI,400.0,402.0,399.0,402.0,1075.0
2019-10-16,SBI,394.0,402.0,394.0,394.0,1197.0
2019-10-17,SBI,394.0,401.0,394.0,400.0,1357.0
2019-10-20,SBI,400.0,400.0,393.0,399.0,773.0
2019-10-21,SBI,400.0,405.0,400.0,403.0,394.0
2019-10-22,SBI,403.0,405.0,402.0,403.0,3580.0
2019-10-23,SBI,403.0,404.0,402.0,404.0,1771.0
2019-10-24,SBI,407.0,407.0,404.0,406.0,1446.0
2019-10-31,SBI,407.0,410.0,407.0,410.0,2924.0
2019-11-03,SBI,404.0,406.0,404.0,405.0,2651.0
2019-11-04,SBI,407.0,407.0,405.0,405.0,4034.0
2019-11-05,SBI,405.0,406.0,405.0,405.0,995.0
2019-11-06,SBI,405.0,406.0,405.0,406.0,771.0
2019-11-07,SBI,405.0,407.0,405.0,405.0,3497.0
2019-11-10,SBI,405.0,406.0,401.0,406.0,5807.0
2019-11-11,SBI,403.0,410.0,403.0,407.0,2592.0
2019-11-12,SBI,405.0,410.0,402.0,405.0,10507.0
2019-11-13,SBI,404.0,404.0,399.0,399.0,2455.0
2019-11-14,SBI,399.0,406.0,402.0,402.0,4297.0
2019-11-17,SBI,397.0,397.0,390.0,391.0,5510.0
2019-11-18,SBI,391.0,392.0,390.0,391.0,6227.0
2019-11-19,SBI,396.0,396.0,389.0,389.0,4228.0
2019-11-20,SBI,390.0,392.0,390.0,391.0,5890.0
2019-11-21,SBI,391.0,391.0,380.0,383.0,9683.0
2019-11-24,SBI,385.0,385.0,380.0,381.0,4630.0
2019-11-25,SBI,376.0,379.0,372.0,374.0,6097.0
2019-11-26,SBI,381.0,382.0,375.0,380.0,7381.0
2019-11-27,SBI,376.0,386.0,376.0,380.0,4642.0
2019-11-28,SBI,384.0,387.0,382.0,383.0,9527.0
2019-12-01,SBI,355.0,356.0,345.0,348.0,7679.0
2019-12-02,SBI,348.0,348.0,345.0,345.0,2935.0
2019-12-03,SBI,344.0,347.0,344.0,347.0,2403.0
2019-12-04,SBI,348.0,348.0,346.0,348.0,833.0
2019-12-05,SBI,348.0,353.0,346.0,346.0,3138.0
2019-12-08,SBI,348.0,352.0,347.0,347.0,1411.0
2019-12-09,SBI,347.0,360.0,347.0,352.0,4946.0
2019-12-10,SBI,358.0,358.0,355.0,355.0,842.0
2019-12-11,SBI,356.0,360.0,355.0,359.0,1549.0
2019-12-12,SBI,359.0,360.0,356.0,357.0,3039.0
2019-12-15,SBI,359.0,359.0,355.0,359.0,3414.0
2019-12-16,SBI,360.0,360.0,356.0,356.0,3004.0
2019-12-17,SBI,356.0,356.0,349.0,350.0,1349.0
2019-12-18,SBI,349.0,349.0,346.0,348.0,3594.0
2019-12-19,SBI,347.0,353.0,347.0,353.0,5170.0
2019-12-22,SBI,350.0,351.0,348.0,350.0,2386.0
2019-12-23,SBI,350.0,357.0,350.0,357.0,3818.0
2019-12-24,SBI,357.0,360.0,355.0,356.0,2818.0
2019-12-25,SBI,360.0,360.0,351.0,352.0,4174.0
2019-12-26,SBI,354.0,358.0,352.0,354.0,3328.0
2019-12-29,SBI,354.0,355.0,353.0,355.0,878.0
2019-12-30,SBI,355.0,355.0,350.0,355.0,2862.0
2019-12-31,SBI,355.0,355.0,352.0,352.0,4394.0
2020-01-01,SBI,355.0,356.0,352.0,356.0,7846.0
2020-01-02,SBI,355.0,356.0,350.0,353.0,10668.0
2020-01-05,SBI,355.0,371.0,353.0,368.0,12436.0
2020-01-06,SBI,374.0,386.0,368.0,386.0,12770.0
2020-01-07,SBI,387.0,397.0,387.0,397.0,8270.0
2020-01-08,SBI,400.0,400.0,386.0,386.0,21706.0
2020-01-09,SBI,383.0,400.0,379.0,395.0,5159.0
2020-01-12,SBI,399.0,408.0,397.0,401.0,17476.0
2020-01-13,SBI,411.0,419.0,404.0,405.0,14263.0
2020-01-14,SBI,405.0,409.0,399.0,399.0,5998.0
2020-01-15,SBI,400.0,423.0,394.0,407.0,14047.0
2020-01-16,SBI,415.0,420.0,410.0,419.0,13995.0
2020-01-19,SBI,427.0,446.0,416.0,446.0,21342.0
2020-01-20,SBI,453.0,453.0,425.0,429.0,12730.0
2020-01-21,SBI,426.0,430.0,421.0,425.0,11909.0
2020-01-22,SBI,423.0,426.0,420.0,420.0,7661.0
2020-01-23,SBI,421.0,421.0,410.0,410.0,6883.0
2020-01-26,SBI,408.0,408.0,400.0,400.0,4634.0
2020-01-27,SBI,400.0,418.0,400.0,416.0,10325.0
2020-01-28,SBI,409.0,414.0,408.0,410.0,7772.0
2020-01-29,SBI,410.0,410.0,398.0,402.0,8118.0
2020-01-30,SBI,401.0,417.0,401.0,413.0,10888.0
2020-02-02,SBI,420.0,430.0,417.0,425.0,23265.0
2020-02-03,SBI,427.0,430.0,426.0,428.0,23990.0
2020-02-04,SBI,431.0,431.0,416.0,420.0,18677.0
2020-02-05,SBI,418.0,422.0,417.0,421.0,4194.0
2020-02-06,SBI,425.0,425.0,414.0,414.0,2720.0
2020-02-09,SBI,413.0,415.0,408.0,409.0,4465.0
2020-02-10,SBI,409.0,415.0,408.0,408.0,6589.0
2020-02-11,SBI,411.0,418.0,410.0,414.0,10881.0
2020-02-12,SBI,414.0,420.0,410.0,410.0,4272.0
2020-02-13,SBI,410.0,414.0,404.0,404.0,9376.0
2020-02-16,SBI,402.0,413.0,402.0,410.0,16321.0
2020-02-17,SBI,418.0,430.0,418.0,424.0,33663.0
2020-02-18,SBI,424.0,435.0,423.0,429.0,28295.0
2020-02-19,SBI,429.0,430.0,424.0,424.0,13212.0
2020-02-20,SBI,424.0,430.0,421.0,429.0,17873.0
2020-02-23,SBI,435.0,471.0,434.0,471.0,62870.0
2020-02-24,SBI,471.0,498.0,472.0,475.0,68773.0
2020-02-25,SBI,471.0,487.0,466.0,477.0,34609.0
2020-02-26,SBI,486.0,499.0,485.0,493.0,50056.0
2020-02-27,SBI,493.0,542.0,477.0,542.0,81584.0
2020-03-01,SBI,542.0,583.0,532.0,534.0,112352.0
2020-03-02,SBI,525.0,535.0,506.0,506.0,39156.0
2020-03-03,SBI,506.0,540.0,491.0,516.0,85319.0
2020-03-04,SBI,507.0,525.0,481.0,481.0,48427.0
2020-03-05,SBI,472.0,485.0,454.0,465.0,33806.0
2020-03-10,SBI,456.0,456.0,419.0,419.0,20412.0
2020-03-11,SBI,427.0,459.0,423.0,458.0,46476.0
2020-03-12,SBI,458.0,470.0,436.0,440.0,24339.0
2020-03-15,SBI,432.0,435.0,419.0,419.0,34111.0
2020-03-16,SBI,413.0,438.0,413.0,423.0,39016.0
2020-03-17,SBI,423.0,423.0,400.0,412.0,29653.0
2020-03-18,SBI,405.0,435.0,391.0,409.0,22629.0
2020-03-19,SBI,399.0,420.0,393.0,420.0,33945.0
2020-03-22,SBI,412.0,420.0,412.0,412.0,570.0
2020-05-13,SBI,404.0,404.0,404.0,404.0,20.0
2020-06-29,SBI,396.0,396.0,375.0,380.0,6452.0
2020-06-30,SBI,373.0,406.0,373.0,405.0,2296.0
2020-07-01,SBI,413.0,429.0,410.0,429.0,5323.0
2020-07-02,SBI,435.0,435.0,388.0,388.0,6790.0
2020-07-05,SBI,390.0,403.0,385.0,400.0,29562.0
2020-07-06,SBI,396.0,410.0,396.0,408.0,12306.0
2020-07-07,SBI,408.0,427.0,401.0,411.0,11450.0
2020-07-08,SBI,412.0,412.0,403.0,409.0,20567.0
2020-07-09,SBI,401.0,411.0,395.0,407.0,15788.0
2020-07-12,SBI,407.0,413.0,404.0,409.0,17892.0
2020-07-13,SBI,414.0,415.0,405.0,414.0,16602.0
2020-07-14,SBI,412.0,419.0,409.0,418.0,12487.0
2020-07-15,SBI,413.0,442.0,413.0,435.0,22205.0
2020-07-16,SBI,443.0,450.0,439.0,441.0,16404.0
2020-07-19,SBI,449.0,465.0,449.0,465.0,60.0
2020-07-20,SBI,488.0,506.0,455.0,471.0,41242.0
2020-07-21,SBI,462.0,475.0,452.0,452.0,37329.0
2020-07-22,SBI,450.0,455.0,443.0,447.0,15876.0
2020-07-23,SBI,440.0,457.0,439.0,451.0,11033.0
2020-07-26,SBI,453.0,460.0,450.0,460.0,17270.0
2020-07-27,SBI,460.0,462.0,452.0,454.0,21109.0
2020-07-28,SBI,450.0,457.0,450.0,454.0,13670.0
2020-07-29,SBI,450.0,450.0,442.0,445.0,13494.0
2020-07-30,SBI,446.0,469.0,440.0,450.0,17138.0
2020-08-02,SBI,445.0,445.0,432.0,435.0,26316.0
2020-08-03,SBI,430.0,437.0,425.0,431.0,24753.0
2020-08-05,SBI,423.0,429.0,421.0,425.0,7114.0
2020-08-06,SBI,423.0,425.0,414.0,425.0,14567.0
2020-08-09,SBI,420.0,429.0,409.0,420.0,7378.0
2020-08-10,SBI,427.0,438.0,422.0,437.0,17015.0
2020-08-11,SBI,444.0,444.0,429.0,435.0,8017.0
2020-08-12,SBI,438.0,438.0,425.0,434.0,13216.0
2020-08-13,SBI,430.0,432.0,422.0,424.0,8557.0
2020-08-16,SBI,416.0,422.0,408.0,415.0,21864.0
2020-08-17,SBI,415.0,415.0,410.0,412.0,16896.0
2020-08-18,SBI,415.0,417.0,408.0,410.0,7423.0
2020-08-19,SBI,404.0,410.0,403.0,407.0,7040.0
2020-08-20,SBI,407.0,416.0,407.0,410.0,2547.0
2020-08-23,SBI,413.0,417.0,408.0,417.0,3637.0
2020-08-24,SBI,420.0,424.0,417.0,419.0,8293.0
2020-08-25,SBI,426.0,426.0,418.0,424.0,9118.0
2020-08-26,SBI,429.0,434.0,426.0,433.0,29643.0
2020-08-27,SBI,440.0,440.0,431.0,434.0,15769.0
2020-08-30,SBI,434.0,440.0,425.0,429.0,4498.0
2020-08-31,SBI,429.0,437.0,425.0,432.0,14674.0
2020-09-02,SBI,432.0,439.0,428.0,437.0,19318.0
2020-09-03,SBI,445.0,445.0,433.0,435.0,13974.0
2020-09-06,SBI,456.0,456.0,427.0,432.0,22466.0
2020-09-07,SBI,435.0,435.0,417.0,420.0,9212.0
2020-09-08,SBI,422.0,426.0,414.0,421.0,26985.0
2020-09-09,SBI,427.0,427.0,415.0,421.0,21133.0
2020-09-10,SBI,420.0,430.0,417.0,419.0,8702.0
2020-09-13,SBI,419.0,425.0,415.0,425.0,19719.0
2020-09-14,SBI,433.0,433.0,425.0,425.0,17970.0
2020-09-15,SBI,430.0,430.0,425.0,425.0,8377.0
2020-09-16,SBI,419.0,424.0,419.0,422.0,7917.0
2020-09-17,SBI,429.0,444.0,422.0,437.0,28753.0
2020-09-20,SBI,437.0,460.0,435.0,438.0,12399.0
2020-09-21,SBI,438.0,441.0,436.0,438.0,19495.0
2020-09-22,SBI,438.0,438.0,429.0,430.0,13602.0
2020-09-23,SBI,426.0,431.0,426.0,427.0,14852.0
2020-09-24,SBI,428.0,429.0,424.0,425.0,15571.0
2020-09-27,SBI,446.0,450.0,426.0,428.0,31241.0
2020-09-28,SBI,426.0,432.0,426.0,428.0,9458.0
2020-09-29,SBI,428.0,428.0,424.0,426.0,8372.0
2020-09-30,SBI,447.0,447.0,420.0,424.0,15510.0
2020-10-01,SBI,426.0,433.0,425.0,430.0,20032.0
2020-10-04,SBI,438.0,438.0,433.0,435.0,16607.0
2020-10-05,SBI,439.0,439.0,430.0,431.0,14803.0
2020-10-06,SBI,429.0,434.0,426.0,426.0,20350.0
2020-10-07,SBI,425.0,432.0,424.0,428.0,13839.0
2020-10-08,SBI,435.0,435.0,422.0,424.0,21978.0
2020-10-11,SBI,422.0,427.0,418.0,420.0,20792.0
2020-10-12,SBI,420.0,424.0,412.0,423.0,26589.0
2020-10-13,SBI,425.0,427.0,415.0,416.0,12292.0
2020-10-14,SBI,416.0,418.0,415.0,415.0,15362.0
2020-10-15,SBI,423.0,423.0,413.0,413.0,13949.0
2020-10-18,SBI,410.0,414.0,410.0,412.0,10474.0
2020-10-19,SBI,412.0,417.0,410.0,417.0,9432.0
2020-10-20,SBI,422.0,422.0,414.0,421.0,5978.0
2020-10-21,SBI,424.0,425.0,419.0,425.0,15661.0
2020-10-22,SBI,425.0,428.0,417.0,428.0,24045.0
2020-10-28,SBI,436.0,450.0,431.0,446.0,49367.0
2020-10-29,SBI,446.0,460.0,444.0,446.0,47151.0
2020-11-01,SBI,438.0,444.0,433.0,435.0,16671.0
2020-11-02,SBI,431.0,440.0,430.0,431.0,14941.0
2020-11-03,SBI,430.0,432.0,428.0,430.0,11213.0
2020-11-04,SBI,430.0,432.0,428.0,431.0,6214.0
2020-11-05,SBI,431.0,431.0,424.0,426.0,17071.0
2020-11-08,SBI,425.0,427.0,422.0,422.0,28364.0
2020-11-09,SBI,416.0,421.0,416.0,420.0,16991.0
2020-11-10,SBI,425.0,425.0,419.0,423.0,21339.0
2020-11-11,SBI,420.0,430.0,419.0,430.0,18991.0
2020-11-12,SBI,431.0,433.0,420.0,428.0,22772.0
2020-11-18,SBI,420.0,421.0,412.0,415.0,41098.0
2020-11-19,SBI,416.0,422.0,415.0,422.0,44067.0
2020-11-22,SBI,418.0,431.0,413.0,420.0,70509.0
2020-11-23,SBI,421.0,421.0,414.0,415.0,68919.0
2020-11-24,SBI,415.0,418.0,410.0,412.0,39268.0
2020-11-25,SBI,392.0,438.0,392.0,419.0,32702.0
2020-11-26,SBI,439.0,439.0,420.0,430.0,113083.0
2020-11-29,SBI,438.0,470.0,438.0,465.0,154712.0
2020-11-30,SBI,488.0,488.0,446.0,449.0,86123.0
2020-12-01,SBI,442.0,454.0,435.0,440.0,52193.0
2020-12-02,SBI,440.0,441.0,437.0,440.0,31924.0
2020-12-03,SBI,440.0,441.0,432.0,432.0,38255.0
2020-12-06,SBI,424.0,433.0,418.0,418.0,49283.0
2020-12-07,SBI,425.0,433.0,415.0,424.0,28907.0
2020-12-08,SBI,430.0,430.0,413.0,419.0,50135.0
2020-12-09,SBI,415.0,418.0,407.0,410.0,57122.0
2020-12-10,SBI,407.0,420.0,406.0,420.0,34694.0
2020-12-13,SBI,412.0,427.0,412.0,424.0,26947.0
2020-12-14,SBI,432.0,444.0,422.0,430.0,44423.0
2020-12-15,SBI,438.0,438.0,423.0,429.0,28445.0
2020-12-16,SBI,450.0,450.0,421.0,423.0,18609.0
2020-12-17,SBI,428.0,428.0,420.0,422.0,27475.0
2020-12-20,SBI,427.0,427.0,405.0,405.0,55879.0
2020-12-21,SBI,402.0,415.0,391.0,410.0,36532.0
2020-12-22,SBI,416.0,419.0,408.0,417.0,47786.0
2020-12-23,SBI,420.0,422.0,410.0,416.0,51638.0
2020-12-24,SBI,420.0,430.0,414.0,419.0,42471.0
2020-12-27,SBI,427.0,427.0,409.0,414.0,21932.0
2020-12-28,SBI,407.0,412.0,407.0,410.0,14681.0
2020-12-29,SBI,430.0,430.0,407.0,408.0,49368.0
2020-12-30,SBI,392.0,399.0,385.0,387.0,29408.0
2020-12-31,SBI,406.0,425.0,393.0,407.0,93964.0
2021-01-03,SBI,427.0,427.0,412.0,420.0,84299.0
2021-01-04,SBI,428.0,430.0,411.0,416.0,42720.0
2021-01-05,SBI,421.0,421.0,410.0,417.0,26521.0
2021-01-06,SBI,420.0,421.0,416.0,421.0,56120.0
2021-01-07,SBI,416.0,426.0,415.0,422.0,82189.0
2021-01-10,SBI,425.0,442.0,421.0,436.0,182391.0
2021-01-11,SBI,439.0,468.0,439.0,457.0,205247.0
2021-01-12,SBI,460.0,485.0,450.0,484.0,119594.0
2021-01-13,SBI,491.0,491.0,463.0,466.0,93017.0
2021-01-17,SBI,466.0,470.0,450.0,453.0,61837.0
2021-01-18,SBI,455.0,462.0,449.0,449.0,43175.0
2021-01-19,SBI,448.0,452.0,437.0,446.0,67283.0
2021-01-20,SBI,424.0,452.0,424.0,442.0,41214.0
2021-01-21,SBI,442.0,459.0,436.0,440.0,42776.0
2021-01-24,SBI,462.0,462.0,440.0,445.0,61663.0
2021-01-25,SBI,447.0,453.0,439.0,447.0,86106.0
2021-01-26,SBI,447.0,455.0,440.0,446.0,71925.0
2021-01-27,SBI,468.0,468.0,441.0,446.0,89624.0
2021-01-28,SBI,445.0,446.0,434.0,438.0,72139.0
2021-01-31,SBI,430.0,437.0,420.0,420.0,38218.0
2021-02-01,SBI,428.0,434.0,418.0,421.0,27025.0
2021-02-02,SBI,428.0,431.0,422.0,428.0,56724.0
2021-02-03,SBI,435.0,437.0,425.0,430.0,54559.0
2021-02-04,SBI,438.0,438.0,422.0,422.0,41417.0
2021-02-07,SBI,430.0,430.0,418.0,422.0,61664.0
2021-02-08,SBI,443.0,443.0,420.0,428.0,55943.0
2021-02-09,SBI,436.0,439.0,428.0,429.0,36817.0
2021-02-10,SBI,453.0,453.0,425.0,434.0,24163.0
2021-02-11,SBI,441.0,441.0,428.0,435.0,61977.0
2021-02-14,SBI,440.0,440.0,423.0,430.0,57351.0
2021-02-15,SBI,430.0,438.0,428.0,432.0,52494.0
2021-02-16,SBI,453.0,453.0,432.0,435.0,119201.0
2021-02-17,SBI,430.0,465.0,429.0,448.0,138431.0
2021-02-18,SBI,450.0,460.0,447.0,455.0,113213.0
2021-02-21,SBI,455.0,463.0,447.0,450.0,70249.0
2021-02-22,SBI,463.0,463.0,436.0,438.0,46423.0
2021-02-23,SBI,430.0,442.0,424.0,434.0,24941.0
2021-02-24,SBI,455.0,455.0,430.0,436.0,26410.0
2021-02-25,SBI,439.0,439.0,424.0,429.0,42281.0
2021-02-28,SBI,427.0,429.0,419.0,420.0,76641.0
2021-03-01,SBI,415.0,425.0,415.0,422.0,23508.0
2021-03-02,SBI,425.0,425.0,413.0,420.0,37949.0
2021-03-03,SBI,428.0,428.0,409.0,417.0,26690.0
2021-03-04,SBI,420.0,421.0,412.0,419.0,26254.0
2021-03-08,SBI,419.0,420.0,411.0,417.0,15500.0
2021-03-09,SBI,418.0,418.0,410.0,411.0,31650.0
2021-03-10,SBI,417.0,417.0,408.0,409.0,10612.0
2021-03-14,SBI,409.0,411.0,402.0,406.0,23240.0
2021-03-15,SBI,403.0,410.0,403.0,405.0,13178.0
2021-03-16,SBI,410.0,413.0,401.0,405.0,28245.0
2021-03-17,SBI,413.0,413.0,405.0,406.0,12005.0
2021-03-18,SBI,407.0,413.0,407.0,408.0,11474.0
2021-03-21,SBI,408.0,431.0,408.0,413.0,32122.0
2021-03-22,SBI,421.0,421.0,410.0,410.0,23706.0
2021-03-23,SBI,410.0,411.0,407.0,409.0,18670.0
2021-03-24,SBI,410.0,414.0,408.0,410.0,38474.0
2021-03-25,SBI,410.0,411.0,408.0,409.0,31652.0
2021-03-29,SBI,408.0,410.0,404.0,406.0,18220.0
2021-03-30,SBI,406.0,407.0,403.0,406.0,21415.0
2021-03-31,SBI,410.0,423.0,407.0,410.0,50758.0
2021-04-01,SBI,418.0,421.0,411.0,420.0,82973.0
2021-04-04,SBI,424.0,425.0,413.0,422.0,31503.0
2021-04-05,SBI,427.0,427.0,411.0,414.0,16410.0
2021-04-06,SBI,414.0,418.0,409.0,412.0,25005.0
2021-04-07,SBI,410.0,415.0,410.0,412.0,13159.0
2021-04-08,SBI,420.0,420.0,409.0,413.0,20220.0
2021-04-12,SBI,413.0,414.0,407.0,414.0,22439.0
2021-04-13,SBI,417.0,422.0,412.0,421.0,61001.0
2021-04-15,SBI,425.0,435.0,421.0,432.0,75234.0
2021-04-18,SBI,435.0,435.0,419.0,423.0,34253.0
2021-04-19,SBI,418.0,420.0,416.0,419.0,14655.0
2021-04-20,SBI,417.0,419.0,415.0,415.0,31684.0
2021-04-21,SBI,415.0,416.0,412.0,413.0,27381.0
2021-04-22,SBI,413.0,413.0,409.0,410.0,28524.0
2021-04-25,SBI,410.0,410.0,405.0,405.0,23822.0
2021-04-26,SBI,406.0,406.0,397.0,397.0,37147.0
2021-04-27,SBI,399.0,423.0,396.0,404.0,21190.0
2021-04-28,SBI,400.0,401.0,393.0,394.0,33638.0
2021-04-29,SBI,395.0,400.0,392.0,397.0,18246.0
2021-05-02,SBI,400.0,400.0,395.0,400.0,23761.0
2021-05-03,SBI,405.0,405.0,396.0,398.0,21198.0
2021-05-04,SBI,403.0,403.0,395.0,397.0,13737.0
2021-05-05,SBI,393.0,400.0,393.0,395.0,22289.0
2021-05-06,SBI,394.0,395.0,392.0,393.0,26405.0
2021-05-09,SBI,393.0,401.0,393.0,396.0,22825.0
2021-05-10,SBI,395.0,398.0,395.0,396.0,10973.0
2021-05-11,SBI,396.0,404.0,390.0,395.0,49566.0
2021-05-12,SBI,397.0,402.0,393.0,397.0,20675.0
2021-05-13,SBI,396.0,399.0,396.0,397.0,22234.0
2021-05-16,SBI,404.0,404.0,395.0,399.0,60652.0
2021-05-17,SBI,400.0,408.0,398.0,399.0,35962.0
2021-05-18,SBI,400.0,404.0,399.0,401.0,44672.0
2021-05-19,SBI,402.0,416.0,402.0,409.0,59847.0
2021-05-20,SBI,410.0,417.0,408.0,414.0,46047.0
2021-05-23,SBI,412.0,417.0,402.0,417.0,43845.0
2021-05-24,SBI,397.0,437.0,397.0,421.0,99210.0
2021-05-25,SBI,421.0,422.0,410.0,413.0,35727.0
2021-05-27,SBI,413.0,417.0,407.0,411.0,32951.0
2021-05-30,SBI,412.0,419.0,409.0,410.0,57280.0
2021-05-31,SBI,417.0,417.0,408.0,408.0,64680.0
2021-06-01,SBI,405.0,410.0,405.0,407.0,37019.0
2021-06-02,SBI,410.0,410.0,404.0,408.0,58676.0
2021-06-03,SBI,413.0,419.0,407.0,416.0,116726.0
2021-06-06,SBI,425.0,438.0,424.0,429.0,265933.0
2021-06-07,SBI,435.0,437.0,420.0,422.0,108410.0
2021-06-08,SBI,425.0,430.0,420.0,424.0,113779.0
2021-06-09,SBI,430.0,432.0,420.0,421.0,50091.0
2021-06-10,SBI,416.0,423.0,409.0,416.0,54711.0
2021-06-13,SBI,420.0,420.0,407.0,415.0,67430.0
2021-06-14,SBI,415.0,442.0,415.0,433.0,268473.0
2021-06-15,SBI,440.0,445.0,427.0,427.0,97663.0
2021-06-16,SBI,427.0,438.0,426.0,431.0,125930.0
2021-06-17,SBI,452.0,452.0,421.0,422.0,56526.0
2021-06-20,SBI,422.0,422.0,412.0,415.0,95522.0
2021-06-21,SBI,412.0,418.0,406.0,407.0,57222.0
2021-06-22,SBI,409.0,421.0,407.0,418.0,46011.0
2021-06-23,SBI,413.0,419.0,408.0,410.0,41732.0
2021-06-24,SBI,410.0,413.0,406.0,410.0,46659.0
2021-06-27,SBI,410.0,421.0,404.0,415.0,46675.0
2021-06-28,SBI,420.0,421.0,411.0,413.0,24057.0
2021-06-29,SBI,419.0,419.0,410.0,410.0,28686.0
2021-06-30,SBI,410.0,414.0,408.0,412.0,23693.0
2021-07-01,SBI,412.0,416.0,410.0,412.0,23639.0
2021-07-04,SBI,408.0,415.0,408.0,411.0,22170.0
2021-07-05,SBI,406.0,411.0,406.0,408.0,15008.0
2021-07-06,SBI,406.0,412.0,405.0,406.0,20296.0
2021-07-07,SBI,414.0,414.0,405.0,405.0,22529.0
2021-07-08,SBI,406.0,408.0,403.0,407.0,19634.0
2021-07-11,SBI,414.0,415.0,408.0,413.0,29179.0
2021-07-12,SBI,419.0,419.0,408.0,409.0,40285.0
2021-07-13,SBI,406.0,415.0,406.0,412.0,16766.0
2021-07-14,SBI,410.0,412.0,408.0,409.0,10492.0
2021-07-15,SBI,409.0,413.0,408.0,409.0,35759.0
2021-07-18,SBI,415.0,430.0,413.0,427.0,98206.0
2021-07-19,SBI,435.5,440.0,425.6,427.0,68978.0
2021-07-20,SBI,435.0,435.0,417.0,419.0,43575.0
2021-07-22,SBI,424.0,427.0,415.0,424.0,103383.0
2021-07-25,SBI,432.4,453.9,426.0,441.0,300429.0
2021-07-26,SBI,449.8,449.8,435.1,438.0,115082.0
2021-07-27,SBI,430.0,442.0,423.0,441.5,75021.0
2021-07-28,SBI,448.0,448.0,435.0,436.5,75545.0
2021-07-29,SBI,428.1,436.5,428.1,430.0,48276.0
2021-08-01,SBI,430.0,436.0,426.0,428.0,67864.0
2021-08-02,SBI,433.0,434.0,424.0,426.0,40086.0
2021-08-03,SBI,426.0,430.0,423.5,425.0,35229.0
2021-08-04,SBI,433.0,434.5,423.0,425.0,39884.0
2021-08-05,SBI,429.0,430.0,421.0,422.0,43891.0
2021-08-08,SBI,425.0,428.0,420.0,425.0,54413.0
2021-08-09,SBI,423.0,425.0,420.0,420.9,33403.0
2021-08-10,SBI,421.0,442.0,420.0,430.0,63944.0
2021-08-11,SBI,430.0,438.0,424.0,425.0,29509.0
2021-08-12,SBI,425.0,430.0,423.0,427.0,62765.0
2021-08-15,SBI,430.0,430.0,417.0,425.0,67594.0
2021-08-16,SBI,417.0,417.0,407.7,410.5,138377.0
2021-08-17,SBI,405.0,409.9,400.0,401.1,137752.0
2021-08-18,SBI,400.0,405.0,397.3,402.0,70910.0
2021-08-19,SBI,402.0,414.0,400.0,401.0,46906.0
2021-08-24,SBI,405.0,405.0,396.0,398.0,34748.0
2021-08-25,SBI,397.0,397.0,388.6,391.9,55489.0
2021-08-26,SBI,399.0,399.0,389.0,393.0,33732.0
2021-08-29,SBI,393.0,393.0,385.0,390.0,51282.0
2021-08-31,SBI,390.0,392.0,380.0,386.0,61136.0
2021-09-01,SBI,392.0,393.0,380.0,383.0,46379.0
2021-09-02,SBI,390.0,390.0,383.2,386.0,28557.0
2021-09-05,SBI,393.0,393.0,380.2,384.0,65310.0
2021-09-06,SBI,390.0,393.9,380.3,390.0,33288.0
2021-09-07,SBI,397.8,397.8,378.0,384.2,19487.0
2021-09-08,SBI,391.8,391.8,380.0,382.0,20761.0
2021-09-09,SBI,389.0,395.0,380.6,383.0,13400.0
2021-09-12,SBI,383.0,385.0,379.1,382.0,29515.0
2021-09-13,SBI,384.0,389.9,380.0,381.0,25150.0
2021-09-14,SBI,388.0,388.0,378.8,382.5,24598.0
2021-09-15,SBI,383.0,383.0,379.1,380.0,17560.0
2021-09-16,SBI,375.3,377.0,370.0,373.0,45463.0
2021-09-20,SBI,373.5,373.5,358.7,360.0,37307.0
2021-09-21,SBI,358.0,367.0,351.0,360.0,27219.0
2021-09-22,SBI,367.0,373.0,363.0,371.0,14883.0
2021-09-23,SBI,378.0,380.0,370.0,376.0,30518.0
2021-09-26,SBI,376.0,377.0,366.0,370.0,12489.0
2021-09-27,SBI,364.0,365.1,357.0,365.0,19456.0
2021-09-28,SBI,364.9,364.9,352.1,358.0,13632.0
2021-09-29,SBI,365.0,365.0,351.1,357.0,10152.0
2021-09-30,SBI,364.0,364.0,352.0,357.0,10612.0
2021-10-03,SBI,352.1,355.0,350.0,352.0,11563.0
2021-10-04,SBI,352.0,355.0,343.0,350.0,14862.0
2021-10-05,SBI,343.4,356.0,343.4,352.2,5736.0
2021-10-06,SBI,353.0,356.0,349.0,354.8,21845.0
2021-10-10,SBI,361.8,362.0,348.0,352.0,12900.0
2021-10-11,SBI,352.0,359.0,352.0,357.0,5502.0
2021-10-17,SBI,357.0,358.0,350.0,357.0,6495.0
2021-10-18,SBI,352.5,359.0,350.0,350.0,11264.0
2021-10-19,SBI,350.0,350.0,331.3,340.0,34314.0
2021-10-20,SBI,346.8,348.0,340.0,346.8,12863.0
2021-10-21,SBI,345.0,348.0,341.0,346.5,11114.0
2021-10-24,SBI,346.5,348.0,342.0,345.9,9776.0
2021-10-25,SBI,350.0,352.7,340.0,350.0,14799.0
2021-10-26,SBI,354.8,357.0,347.8,350.0,31353.0
2021-10-27,SBI,353.0,355.9,346.0,350.0,23111.0
2021-10-28,SBI,345.0,351.0,345.0,347.0,18284.0
2021-10-31,SBI,350.0,355.0,346.0,350.0,32362.0
2021-11-01,SBI,357.0,363.2,350.0,354.9,38192.0
2021-11-02,SBI,354.9,355.0,351.0,353.0,5376.0
2021-11-03,SBI,359.9,365.0,355.0,356.0,25974.0
2021-11-08,SBI,360.0,364.6,353.1,359.0,24684.0
2021-11-09,SBI,359.0,362.0,353.6,359.0,42664.0
2021-11-11,SBI,353.0,355.0,348.1,348.1,26504.0
2021-11-14,SBI,348.0,362.1,344.1,352.0,9700.0
2021-11-15,SBI,355.0,355.0,348.0,354.0,6509.0
2021-11-16,SBI,351.0,360.4,347.0,360.0,23596.0
2021-11-17,SBI,360.0,360.0,353.1,356.0,13158.0
2021-11-18,SBI,356.0,357.0,350.0,353.7,8715.0
2021-11-21,SBI,352.0,357.0,351.0,352.5,8971.0
2021-11-22,SBI,347.5,360.0,347.5,356.1,15456.0
2021-11-23,SBI,350.0,357.0,350.0,352.3,6271.0
2021-11-24,SBI,346.0,347.8,334.0,346.0,80223.0
2021-11-25,SBI,339.1,353.0,334.1,350.0,40078.0
2021-11-28,SBI,343.0,366.0,340.2,360.0,65928.0
2021-11-29,SBI,352.8,360.0,352.8,354.1,11556.0
2021-11-30,SBI,348.0,354.0,344.0,352.0,17838.0
2021-12-01,SBI,352.0,365.0,352.0,355.0,44224.0
2021-12-02,SBI,355.0,361.0,351.0,361.0,18857.0
2021-12-05,SBI,360.0,360.0,350.0,351.5,48982.0
2021-12-06,SBI,356.0,356.0,346.0,346.5,32544.0
2021-12-07,SBI,353.0,353.4,348.0,349.0,6470.0
2021-12-08,SBI,343.1,354.0,340.0,353.9,32821.0
2021-12-09,SBI,353.9,362.0,348.0,360.9,30846.0
2021-12-12,SBI,359.0,359.0,350.0,353.0,15126.0
2021-12-13,SBI,346.0,357.3,339.1,351.2,28598.0
2021-12-14,SBI,355.2,355.2,345.0,355.0,4047.0
2021-12-15,SBI,355.0,356.0,344.0,354.9,7086.0
2021-12-16,SBI,361.9,361.9,349.1,352.0,7553.0
2021-12-20,SBI,350.0,353.0,347.0,351.0,32790.0
2021-12-21,SBI,350.0,360.0,347.0,356.9,44412.0
2021-12-22,SBI,351.7,358.0,345.0,351.5,19689.0
2021-12-23,SBI,347.1,352.0,345.1,350.0,16505.0
2021-12-26,SBI,352.8,352.9,348.0,348.1,19411.0
2021-12-27,SBI,348.5,350.0,345.5,345.5,8945.0
2021-12-28,SBI,350.0,350.0,345.0,345.1,57399.0
2021-12-29,SBI,345.2,347.5,340.1,345.0,20738.0
2022-01-02,SBI,348.0,351.0,345.0,350.0,10664.0
2022-01-03,SBI,352.9,352.9,345.2,350.9,5247.0
2022-01-04,SBI,347.1,385.9,347.0,385.0,73964.0
2022-01-05,SBI,392.0,392.7,367.3,373.9,34112.0
2022-01-06,SBI,373.9,392.0,366.0,391.0,58906.0
2022-01-09,SBI,395.0,398.0,385.0,392.0,33363.0
2022-01-10,SBI,392.0,400.8,385.0,393.9,91973.0
2022-01-11,SBI,387.0,392.5,386.0,386.0,21110.0
2022-01-12,SBI,386.0,393.0,380.0,383.0,41127.0
2022-01-13,SBI,385.0,385.5,377.0,383.9,20126.0
2022-01-16,SBI,383.9,390.5,379.0,382.0,23332.0
2022-01-17,SBI,389.6,408.0,387.1,405.0,164720.0
2022-01-18,SBI,411.9,418.0,405.0,418.0,114884.0
2022-01-19,SBI,422.0,422.0,402.5,405.9,40717.0
2022-01-20,SBI,401.0,406.0,398.0,404.0,41592.0
2022-01-23,SBI,400.0,411.8,400.0,408.0,72858.0
2022-01-24,SBI,401.0,405.0,389.0,395.9,102382.0
2022-01-25,SBI,390.0,395.9,385.0,395.9,13132.0
2022-01-26,SBI,395.0,399.0,386.0,388.0,24181.0
2022-01-27,SBI,385.0,390.0,385.0,388.0,16629.0
2022-01-30,SBI,395.0,402.0,388.1,398.9,25771.0
2022-01-31,SBI,398.0,398.0,385.2,395.0,16218.0
2022-02-01,SBI,389.0,400.8,385.0,397.5,16084.0
2022-02-03,SBI,400.0,401.0,391.0,398.0,41619.0
2022-02-06,SBI,392.0,394.0,383.2,394.0,10655.0
2022-02-07,SBI,390.1,393.0,386.5,388.0,5421.0
2022-02-08,SBI,395.7,403.0,385.0,386.9,20372.0
2022-02-09,SBI,386.0,388.0,382.2,383.6,14206.0
2022-02-10,SBI,383.0,387.0,377.0,384.0,11463.0
2022-02-13,SBI,377.1,380.0,366.5,373.0,18616.0
2022-02-14,SBI,380.0,380.0,368.0,374.0,5889.0
2022-02-15,SBI,371.1,380.4,367.0,372.0,46769.0
2022-02-16,SBI,379.0,386.9,373.0,380.0,5838.0
2022-02-17,SBI,380.0,380.0,372.0,374.0,4677.0
2022-02-20,SBI,369.9,370.0,360.0,366.9,14190.0
2022-02-21,SBI,363.0,373.3,362.0,373.3,10271.0
2022-02-22,SBI,377.9,378.0,364.0,368.0,6816.0
2022-02-23,SBI,370.0,370.0,361.0,370.0,4929.0
2022-02-24,SBI,362.6,362.6,356.0,360.0,9716.0
2022-02-27,SBI,360.0,367.2,352.8,359.0,10963.0
2022-02-28,SBI,357.0,358.0,350.1,354.0,5130.0
2022-03-02,SBI,352.0,354.0,348.0,353.0,7801.0
2022-03-06,SBI,350.0,353.0,346.1,352.0,4132.0
2022-03-07,SBI,355.1,355.1,348.0,348.9,6704.0
2022-03-09,SBI,345.0,348.0,340.0,342.0,4569.0
2022-03-10,SBI,340.0,350.0,340.0,350.0,11456.0
2022-03-13,SBI,346.0,358.5,345.0,358.0,4992.0
2022-03-14,SBI,354.0,358.1,351.2,358.1,5001.0
2022-03-15,SBI,365.0,365.0,355.0,357.5,15839.0
2022-03-16,SBI,353.5,360.0,353.0,360.0,8434.0
2022-03-20,SBI,359.0,359.0,352.0,356.0,3486.0
2022-03-21,SBI,355.0,364.1,350.1,364.1,14567.0
2022-03-22,SBI,365.0,365.0,356.1,364.0,5222.0
2022-03-23,SBI,362.0,362.0,352.0,355.0,23031.0
2022-03-24,SBI,355.0,355.0,351.1,351.2,6093.0
2022-03-27,SBI,347.1,354.5,347.1,348.0,20604.0
2022-03-28,SBI,350.0,350.0,342.0,347.0,4282.0
2022-03-29,SBI,347.0,347.4,343.0,345.9,3806.0
2022-03-30,SBI,342.0,347.0,340.5,346.0,7493.0
2022-03-31,SBI,348.0,348.0,340.1,341.0,16233.0
2022-04-03,SBI,341.0,343.0,337.1,342.9,3883.0
2022-04-04,SBI,338.0,343.0,337.3,343.0,4491.0
2022-04-05,SBI,337.0,343.7,335.0,340.0,13135.0
2022-04-06,SBI,340.0,343.0,335.0,340.0,26992.0
2022-04-07,SBI,341.0,343.0,337.0,341.5,15596.0
2022-04-11,SBI,342.0,348.0,332.0,339.9,13494.0
2022-04-12,SBI,335.0,336.0,329.0,330.1,14978.0
2022-04-13,SBI,335.0,348.0,326.5,348.0,13794.0
2022-04-17,SBI,354.9,354.9,332.0,337.0,2305.0
2022-04-18,SBI,331.0,336.0,324.0,330.0,8304.0
2022-04-19,SBI,330.0,336.0,324.1,330.0,17107.0
2022-04-20,SBI,323.8,335.0,323.6,324.0,11890.0
2022-04-21,SBI,330.4,330.4,320.0,330.0,24466.0
2022-04-24,SBI,336.0,345.0,330.0,344.0,15928.0
2022-04-25,SBI,341.0,342.1,331.4,338.5,6888.0
2022-04-26,SBI,332.3,342.0,332.3,339.0,10208.0
2022-04-27,SBI,335.0,335.0,325.0,335.0,3464.0
2022-04-28,SBI,339.0,339.0,330.0,335.0,5468.0
2022-05-02,SBI,331.0,331.0,327.0,330.0,4761.0
2022-05-04,SBI,323.6,327.0,323.5,324.0,5475.0
2022-05-05,SBI,325.0,325.0,319.2,324.0,7541.0
2022-05-08,SBI,317.6,322.7,317.0,322.0,8267.0
2022-05-09,SBI,328.4,328.4,321.0,322.0,5040.0
2022-05-10,SBI,322.0,326.0,319.4,325.0,3694.0
2022-05-11,SBI,329.0,329.0,323.5,327.9,3206.0
2022-05-12,SBI,322.5,332.0,322.0,329.0,7724.0
2022-05-17,SBI,329.0,329.0,317.0,325.0,5969.0
2022-05-18,SBI,319.3,326.0,318.0,325.9,10946.0
2022-05-19,SBI,319.5,324.0,318.0,321.0,8695.0
2022-05-20,SBI,321.0,321.0,314.8,320.0,865.0
2022-05-23,SBI,314.1,320.2,310.0,312.0,7201.0
2022-05-24,SBI,312.0,315.0,308.0,315.0,10067.0
2022-05-25,SBI,315.0,316.8,311.0,316.8,8050.0
2022-05-26,SBI,319.0,320.0,313.0,320.0,3527.0
2022-05-27,SBI,322.0,322.0,314.0,319.8,6752.0
2022-05-30,SBI,315.0,315.0,300.0,310.0,28192.0
2022-05-31,SBI,304.0,308.0,300.0,307.0,5108.0
2022-06-01,SBI,305.0,305.0,299.0,303.0,8163.0
2022-06-02,SBI,302.0,302.0,299.0,299.8,5191.0
2022-06-03,SBI,305.7,305.7,294.0,296.9,33389.0
2022-06-06,SBI,299.0,299.0,292.0,295.9,5214.0
2022-06-07,SBI,295.0,295.0,288.3,293.7,8774.0
2022-06-08,SBI,299.0,299.0,287.2,297.0,11363.0
2022-06-09,SBI,302.9,307.0,292.0,296.0,7470.0
2022-06-10,SBI,301.9,301.9,288.2,296.0,3341.0
2022-06-13,SBI,301.9,301.9,290.2,296.0,2061.0
2022-06-14,SBI,301.8,301.8,290.6,294.0,1557.0
2022-06-15,SBI,299.8,299.8,284.2,285.0,9156.0
2022-06-16,SBI,282.0,290.9,282.0,289.0,7833.0
2022-06-17,SBI,294.7,294.7,287.0,293.0,35607.0
2022-06-19,SBI,288.0,288.0,282.1,284.0,11046.0
2022-06-20,SBI,287.0,287.0,274.6,274.6,10214.0
2022-06-21,SBI,272.2,284.5,272.1,277.0,4569.0
2022-06-22,SBI,282.5,288.0,273.0,273.0,2757.0
2022-06-23,SBI,278.4,283.9,269.0,273.0,4417.0
2022-06-24,SBI,278.4,278.4,263.0,278.0,4657.0
2022-06-26,SBI,283.5,289.0,277.0,289.0,6325.0
2022-06-27,SBI,294.7,300.2,279.2,289.9,8640.0
2022-06-28,SBI,295.0,295.6,275.6,290.0,3346.0
2022-06-29,SBI,295.0,295.0,284.1,289.8,3587.0
2022-06-30,SBI,295.5,300.0,283.5,296.0,16073.0
2022-07-01,SBI,298.79,307.0,290.2,295.0,3964.0
2022-07-03,SBI,290.0,306.8,280.3,299.9,16976.0
2022-07-04,SBI,305.8,305.8,293.3,297.8,55080.0
2022-07-05,SBI,303.7,303.7,289.0,289.0,24701.0
2022-07-06,SBI,292.0,292.0,284.2,285.0,6433.0
2022-07-07,SBI,290.7,290.7,279.3,280.0,9754.0
2022-07-08,SBI,280.0,285.0,265.7,279.0,44848.0
2022-07-11,SBI,284.0,289.6,251.1,269.8,18772.0
2022-07-12,SBI,272.9,272.9,260.0,272.0,30872.0
2022-07-13,SBI,270.0,296.5,260.0,292.3,84776.0
2022-07-14,SBI,286.5,295.0,280.0,284.0,217186.0
2022-07-15,SBI,284.0,289.0,267.7,282.3,151389.0
2022-07-17,SBI,277.0,282.0,270.0,282.0,15165.0
2022-07-18,SBI,285.0,285.0,275.0,282.0,4906.0
2022-07-19,SBI,276.4,286.9,276.4,285.0,58127.0
2022-07-20,SBI,290.0,290.0,279.3,281.0,46383.0
2022-07-21,SBI,286.6,292.0,277.0,280.0,144565.0
2022-07-22,SBI,285.0,285.0,275.0,276.0,11193.0
2022-07-24,SBI,276.0,287.8,275.5,282.0,134761.0
2022-07-25,SBI,285.9,290.0,279.3,283.0,136066.0
2022-07-26,SBI,282.0,282.0,272.6,279.0,17215.0
2022-07-27,SBI,283.0,283.0,275.2,278.9,10790.0
2022-07-28,SBI,280.0,285.0,275.0,278.0,35164.0
2022-07-29,SBI,279.0,282.9,275.3,282.9,7456.0
2022-07-31,SBI,277.3,307.0,277.3,307.0,111860.0
2022-08-01,SBI,308.0,324.0,300.0,318.0,134267.0
2022-08-02,SBI,323.0,323.0,308.0,314.0,35570.0
2022-08-03,SBI,320.2,320.2,303.0,305.0,63539.0
2022-08-04,SBI,303.0,303.0,293.1,294.0,56457.0
2022-08-05,SBI,299.0,299.0,290.2,291.0,13418.0
2022-08-07,SBI,290.0,310.0,290.0,294.0,21200.0
2022-08-08,SBI,298.0,305.0,298.0,302.0,42044.0
2022-08-09,SBI,302.0,307.9,292.0,293.0,15582.0
2022-08-10,SBI,297.0,298.0,284.8,290.0,8269.0
2022-08-11,SBI,294.0,294.0,284.3,287.0,9878.0
2022-08-14,SBI,287.0,290.0,279.0,284.8,7739.0
2022-08-15,SBI,284.0,289.6,280.0,289.6,8265.0
2022-08-16,SBI,295.3,301.0,285.7,289.0,8445.0
2022-08-17,SBI,290.0,290.0,284.3,289.0,5672.0
2022-08-18,SBI,293.7,293.7,286.0,289.9,16092.0
2022-08-21,SBI,295.6,297.8,286.2,288.0,9347.0
2022-08-22,SBI,293.7,293.7,282.6,288.0,2145.0
2022-08-23,SBI,282.4,290.0,282.4,290.0,8156.0
2022-08-24,SBI,295.0,295.0,285.2,288.0,7548.0
2022-08-25,SBI,293.0,293.0,283.3,286.0,2102.0
2022-08-26,SBI,290.0,290.0,279.3,284.5,2381.0
2022-08-28,SBI,279.1,283.0,274.1,276.0,8133.0
2022-08-29,SBI,273.2,282.5,273.2,278.0,6224.0
2022-08-30,SBI,283.0,284.8,278.0,279.9,10843.0
2022-08-31,SBI,285.4,285.4,274.0,276.9,3857.0
2022-09-01,SBI,272.1,274.1,271.0,274.0,2986.0
2022-09-02,SBI,279.4,282.7,272.1,277.0,1203.0
2022-09-04,SBI,282.4,282.5,274.0,279.0,4881.0
2022-09-05,SBI,280.0,280.0,274.0,275.0,2257.0
2022-09-06,SBI,275.0,275.0,270.0,275.0,11500.0
2022-09-07,SBI,274.0,274.0,265.3,273.0,2850.0
2022-09-08,SBI,275.0,275.0,266.3,270.0,3529.0
2022-09-11,SBI,270.0,275.1,265.7,269.9,6723.0
2022-09-12,SBI,275.2,275.2,265.1,271.9,4946.0
2022-09-13,SBI,270.0,276.8,270.0,274.9,987.0
2022-09-14,SBI,277.9,278.0,273.9,278.0,8353.0
2022-09-15,SBI,273.0,278.0,268.0,272.0,6854.0
2022-09-16,SBI,267.0,270.9,266.0,270.9,2530.0
2022-09-18,SBI,265.5,267.0,256.8,265.0,17768.0
2022-09-20,SBI,260.0,260.0,254.0,257.9,16421.0
2022-09-21,SBI,263.0,263.0,255.0,256.9,9753.0
2022-09-22,SBI,260.0,260.0,255.0,259.6,6118.0
2022-09-25,SBI,255.2,264.0,251.0,262.8,6947.0
2022-09-27,SBI,268.0,268.0,258.0,261.5,6260.0
2022-09-28,SBI,266.6,266.6,257.0,262.0,2513.0
2022-09-29,SBI,261.0,265.0,258.9,263.5,3070.0
2022-10-09,SBI,263.0,268.3,263.0,268.3,1132.0
2022-10-10,SBI,273.6,278.9,260.0,268.3,9372.0
2022-10-11,SBI,268.3,268.3,258.0,266.9,9974.0
2022-10-12,SBI,262.0,265.0,258.0,264.7,58164.0
2022-10-13,SBI,264.0,265.5,261.7,265.0,7485.0
2022-10-16,SBI,260.0,275.7,259.0,275.0,7676.0
2022-10-17,SBI,275.0,275.0,264.7,273.0,14198.0
2022-10-19,SBI,267.6,272.9,262.7,268.0,35276.0
2022-10-20,SBI,264.0,268.0,262.8,265.9,18579.0
2022-10-23,SBI,270.9,271.0,265.3,267.0,2583.0
2022-10-31,SBI,271.0,290.0,271.0,289.0,54831.0
2022-11-01,SBI,283.3,297.0,283.3,293.9,32604.0
2022-11-02,SBI,293.0,297.6,288.5,294.6,35141.0
2022-11-03,SBI,292.9,293.0,279.1,288.8,104476.0
2022-11-06,SBI,293.0,309.0,287.2,308.9,37602.0
2022-11-07,SBI,303.0,303.0,293.5,300.0,82123.0
2022-11-08,SBI,294.3,299.0,292.0,299.0,19989.0
2022-11-09,SBI,296.0,297.0,291.5,293.0,16013.0
2022-11-10,SBI,298.7,298.7,285.0,291.9,7561.0
2022-11-13,SBI,291.1,291.1,279.0,284.1,7847.0
2022-11-14,SBI,287.0,289.0,281.5,288.9,10441.0
2022-11-15,SBI,288.0,288.0,283.6,286.5,9737.0
2022-11-16,SBI,286.5,290.0,286.5,289.0,14633.0
2022-11-17,SBI,293.9,295.0,289.0,295.0,10541.0
2022-11-22,SBI,300.8,300.8,289.1,290.0,10959.0
2022-11-23,SBI,295.0,295.0,288.7,292.9,8877.0
2022-11-24,SBI,292.9,294.0,289.5,294.0,13161.0
2022-11-27,SBI,294.0,304.0,294.0,303.2,33594.0
2022-11-28,SBI,305.9,306.0,300.0,303.0,43054.0
2022-11-29,SBI,297.0,297.0,287.4,292.0,12213.0
2022-11-30,SBI,287.5,293.0,287.1,288.0,17588.0
2022-12-01,SBI,290.0,295.0,285.0,291.9,13356.0
2022-12-04,SBI,287.0,295.0,287.0,290.0,6649.0
2022-12-05,SBI,290.0,290.0,285.2,287.8,12120.0
2022-12-06,SBI,283.1,288.0,283.0,286.0,8846.0
2022-12-07,SBI,289.9,290.0,281.5,286.0,6612.0
2022-12-11,SBI,282.1,284.0,277.2,281.0,9412.0
2022-12-12,SBI,278.5,283.5,275.5,283.5,14425.0
2022-12-13,SBI,282.0,282.0,277.0,279.0,3600.0
2022-12-14,SBI,279.0,279.0,274.0,279.0,2204.0
2022-12-15,SBI,275.1,279.0,275.1,278.9,4127.0
2022-12-18,SBI,275.0,278.0,269.9,278.0,6626.0
2022-12-19,SBI,280.0,280.0,270.0,272.9,17304.0
2022-12-20,SBI,271.0,274.0,270.0,272.5,14077.0
2022-12-21,SBI,273.0,283.0,271.0,279.4,4595.0
2022-12-22,SBI,278.0,279.9,275.3,279.5,12591.0
2022-12-26,SBI,283.0,287.9,279.0,287.5,9629.0
2022-12-27,SBI,287.6,300.0,287.6,296.4,59094.0
2022-12-28,SBI,285.0,288.0,282.0,287.3,11295.0
2022-12-29,SBI,290.5,292.0,280.2,292.0,26096.0
2023-01-01,SBI,286.2,312.0,286.2,297.5,46884.0
2023-01-02,SBI,302.9,306.0,295.0,301.5,50746.0
2023-01-03,SBI,301.5,302.0,298.0,299.0,14027.0
2023-01-04,SBI,296.1,308.4,295.1,305.0,36837.0
2023-01-05,SBI,305.0,308.0,300.1,305.0,291154.0
2023-01-08,SBI,300.7,311.0,300.7,304.5,44768.0
2023-01-09,SBI,305.0,312.0,301.0,312.0,45566.0
2023-01-10,SBI,317.9,328.4,312.0,325.0,142916.0
2023-01-12,SBI,330.0,330.0,312.0,319.3,55089.0
2023-01-17,SBI,314.0,323.0,308.0,318.5,33634.0
2023-01-18,SBI,316.0,322.0,313.1,318.7,70555.0
2023-01-19,SBI,314.1,326.4,314.1,326.4,40382.0
2023-01-23,SBI,328.0,345.0,327.4,339.0,129222.0
2023-01-24,SBI,345.0,345.0,328.5,337.0,88985.0
2023-01-25,SBI,340.0,340.0,330.5,332.5,29392.0
2023-01-26,SBI,332.5,345.0,329.3,345.0,33603.0
2023-01-29,SBI,343.9,344.0,329.0,331.0,45986.0
2023-01-30,SBI,325.0,330.5,321.0,326.0,32805.0
2023-01-31,SBI,324.0,325.0,320.1,323.5,12740.0
2023-02-01,SBI,319.0,330.3,319.0,326.0,28038.0
2023-02-02,SBI,324.0,332.5,324.0,328.0,39884.0
2023-02-05,SBI,325.0,332.0,324.1,328.0,56352.0
2023-02-06,SBI,327.9,345.0,323.1,338.1,75214.0
2023-02-07,SBI,344.0,345.0,333.5,341.0,64768.0
2023-02-08,SBI,347.8,351.0,343.0,345.0,64755.0
2023-02-09,SBI,338.1,360.0,338.0,353.0,95887.0
2023-02-12,SBI,346.0,349.0,338.4,340.0,35038.0
2023-02-14,SBI,333.8,340.0,333.6,338.5,11457.0
2023-02-15,SBI,332.0,344.0,332.0,338.0,49909.0
2023-02-16,SBI,339.0,339.0,331.0,333.0,4779.0
2023-02-20,SBI,330.0,330.0,320.0,325.0,75421.0
2023-02-22,SBI,320.0,331.5,320.0,330.0,15727.0
2023-02-23,SBI,330.0,335.0,320.1,334.0,30273.0
2023-02-26,SBI,332.0,333.0,321.0,329.8,12632.0
2023-02-27,SBI,330.0,332.0,323.8,331.9,17263.0
2023-02-28,SBI,334.0,334.0,324.1,328.0,19688.0
2023-03-01,SBI,324.9,329.0,324.9,328.0,8585.0
2023-03-02,SBI,327.0,329.0,321.0,322.9,14802.0
2023-03-05,SBI,323.5,325.0,318.0,320.0,5532.0
2023-03-07,SBI,324.0,327.0,317.7,323.9,16387.0
2023-03-09,SBI,326.0,329.5,322.5,329.0,13582.0
2023-03-12,SBI,328.0,328.0,319.0,325.0,16925.0
2023-03-13,SBI,318.5,331.5,316.0,319.0,29718.0
2023-03-14,SBI,319.0,320.0,314.1,317.9,13522.0
2023-03-15,SBI,323.0,323.0,306.1,319.9,13182.0
2023-03-16,SBI,320.0,320.0,310.1,318.6,17106.0
2023-03-19,SBI,322.9,322.9,312.3,316.9,31454.0
2023-03-20,SBI,323.0,323.0,316.5,322.0,47848.0
2023-03-22,SBI,325.0,325.0,315.0,317.4,18327.0
2023-03-23,SBI,317.5,317.9,310.0,312.9,13665.0
2023-03-26,SBI,310.0,312.8,303.8,308.0,15441.0
2023-03-27,SBI,313.9,313.9,300.9,306.1,14393.0
2023-03-28,SBI,307.0,314.0,306.0,310.0,27201.0
2023-03-29,SBI,306.3,312.0,306.1,311.9,15639.0
2023-03-30,SBI,313.0,313.0,306.9,312.4,7355.0
2023-04-02,SBI,312.4,318.5,302.0,305.5,18571.0
2023-04-03,SBI,305.0,305.0,300.5,302.0,9625.0
2023-04-04,SBI,300.1,304.0,296.1,300.1,15312.0
2023-04-05,SBI,302.0,305.0,296.1,304.0,13320.0
2023-04-06,SBI,310.0,311.4,302.1,310.5,19483.0
2023-04-09,SBI,316.7,316.7,299.1,303.8,18736.0
2023-04-10,SBI,304.0,304.0,300.0,302.0,8830.0
2023-04-11,SBI,308.0,314.0,301.7,306.9,10203.0
2023-04-12,SBI,309.0,319.9,309.0,318.9,37682.0
2023-04-13,SBI,318.0,325.7,315.5,317.0,20014.0
2023-04-16,SBI,310.7,320.9,310.7,320.0,8640.0
2023-04-17,SBI,322.0,322.0,315.1,318.9,8101.0
2023-04-18,SBI,315.0,317.5,310.2,317.0,24419.0
2023-04-19,SBI,320.0,321.0,313.2,320.0,19537.0
2023-04-20,SBI,326.0,332.0,320.0,322.9,79604.0
2023-04-23,SBI,325.0,325.0,318.1,322.0,13925.0
2023-04-24,SBI,320.0,326.0,318.5,324.5,9541.0
2023-04-25,SBI,320.0,327.0,319.0,324.0,10842.0
2023-04-26,SBI,324.0,327.9,321.1,325.0,17792.0
2023-04-27,SBI,325.0,335.0,323.0,335.0,33709.0
2023-04-30,SBI,332.0,338.0,327.0,332.9,29167.0
2023-05-02,SBI,338.0,338.0,329.0,333.0,17097.0
2023-05-03,SBI,338.0,338.0,326.0,333.0,14636.0
2023-05-04,SBI,337.0,337.0,327.5,332.0,8643.0
2023-05-07,SBI,328.2,332.9,328.0,328.0,14488.0
2023-05-08,SBI,334.5,334.5,321.4,330.0,17136.0
2023-05-09,SBI,330.0,332.0,325.0,325.2,12330.0
2023-05-10,SBI,331.0,331.0,321.3,326.0,15787.0
2023-05-11,SBI,329.0,329.0,323.2,326.0,4450.0
2023-05-14,SBI,319.5,328.0,316.7,322.0,24618.0
2023-05-15,SBI,315.6,321.9,315.0,319.0,20902.0
2023-05-16,SBI,316.1,318.0,313.0,313.0,52144.0
2023-05-17,SBI,316.0,320.0,315.1,319.9,25531.0
2023-05-18,SBI,325.0,330.0,322.0,330.0,57519.0
2023-05-21,SBI,330.0,335.0,326.0,327.2,62208.0
2023-05-22,SBI,321.1,333.0,321.1,331.0,14146.0
2023-05-23,SBI,335.0,341.0,331.8,338.0,49016.0
2023-05-24,SBI,342.0,344.0,336.0,340.0,33557.0
2023-05-28,SBI,346.8,346.8,333.2,338.0,37114.0
2023-05-30,SBI,333.3,333.3,327.0,328.1,35443.0
2023-05-31,SBI,325.0,326.9,313.0,319.3,42318.0
2023-06-01,SBI,325.6,331.9,317.0,323.4,37220.0
2023-06-04,SBI,325.0,336.0,322.8,330.0,23016.0
2023-06-05,SBI,336.6,336.6,327.1,330.5,35406.0
2023-06-06,SBI,330.0,333.0,326.4,329.5,14757.0
2023-06-07,SBI,325.0,331.5,325.0,328.0,15756.0
2023-06-08,SBI,325.0,328.0,322.8,324.8,14996.0
2023-06-11,SBI,331.0,331.0,323.0,329.0,36817.0
2023-06-12,SBI,327.2,329.9,323.7,327.0,17919.0
2023-06-13,SBI,320.5,335.0,320.5,335.0,67977.0
2023-06-14,SBI,335.0,347.0,335.0,346.8,73271.0
2023-06-15,SBI,352.0,352.0,341.0,342.4,40274.0
2023-06-18,SBI,349.0,349.0,336.0,340.4,22838.0
2023-06-19,SBI,342.0,342.0,336.0,338.9,26318.0
2023-06-20,SBI,343.0,343.0,336.1,338.0,35010.0
2023-06-21,SBI,333.0,337.9,330.2,335.0,31305.0
2023-06-22,SBI,331.1,334.0,329.7,330.0,13977.0
2023-06-25,SBI,324.0,347.4,324.0,341.0,63892.0
2023-06-26,SBI,335.3,356.7,335.3,356.5,158704.0
2023-06-27,SBI,360.0,378.4,355.2,371.7,125642.0
2023-06-28,SBI,371.7,371.7,354.0,360.0,76694.0
2023-07-02,SBI,360.0,360.0,345.1,352.0,62488.0
2023-07-03,SBI,345.0,350.0,341.0,344.0,20685.0
2023-07-04,SBI,350.0,355.0,340.1,344.4,9391.0
2023-07-05,SBI,342.0,346.0,332.3,333.2,28726.0
2023-07-06,SBI,333.0,338.8,332.1,334.0,24909.0
2023-07-09,SBI,339.0,340.0,332.3,335.0,60784.0
2023-07-10,SBI,340.0,346.8,334.0,338.0,20069.0
2023-07-11,SBI,340.0,340.0,330.0,331.0,40565.0
2023-07-12,SBI,332.2,338.0,330.0,338.0,61120.0
2023-07-13,SBI,342.0,347.5,335.2,342.9,49096.0
2023-07-16,SBI,344.9,345.0,338.2,341.0,57178.0
2023-07-17,SBI,345.5,352.0,341.0,351.9,51672.0
2023-07-18,SBI,355.0,361.0,347.9,360.0,132169.0
2023-07-19,SBI,361.0,365.0,353.8,363.5,99754.0
2023-07-20,SBI,365.0,366.9,357.0,364.0,66178.0
2023-07-23,SBI,364.0,375.0,357.1,374.0,140613.0
2023-07-24,SBI,370.0,375.0,363.1,363.4,97293.0
2023-07-25,SBI,367.8,367.8,353.7,354.1,58944.0
2023-07-26,SBI,361.0,361.0,352.4,355.0,47279.0
2023-07-27,SBI,356.0,359.0,349.1,351.0,31943.0
2023-07-30,SBI,350.0,350.0,340.3,344.8,44466.0
2023-07-31,SBI,349.0,349.0,343.0,346.5,25530.0
2023-08-01,SBI,347.0,350.0,341.0,343.9,21413.0
2023-08-02,SBI,348.0,348.0,341.0,343.5,12473.0
2023-08-03,SBI,350.0,355.0,345.0,348.2,40849.0
2023-08-06,SBI,354.0,354.0,333.0,334.2,76973.0
2023-08-07,SBI,335.0,337.7,322.0,326.0,42364.0
2023-08-08,SBI,325.0,328.0,320.3,325.0,26254.0
2023-08-09,SBI,323.0,331.0,317.0,331.0,32431.0
2023-08-10,SBI,330.0,331.9,323.4,328.0,57506.0
2023-08-13,SBI,330.0,350.0,329.9,340.0,35862.0
2023-08-14,SBI,344.0,347.8,336.0,338.0,64953.0
2023-08-15,SBI,331.3,341.0,331.3,333.0,39397.0
2023-08-16,SBI,330.0,333.0,329.1,333.0,16584.0
2023-08-17,SBI,326.6,339.6,326.6,335.0,34281.0
2023-08-20,SBI,333.0,335.0,329.0,329.2,24122.0
2023-08-21,SBI,330.0,335.0,327.5,332.0,50736.0
2023-08-22,SBI,332.0,337.0,328.4,335.8,8493.0
2023-08-23,SBI,336.0,339.0,333.0,338.0,21280.0
2023-08-24,SBI,344.0,344.0,328.0,331.0,24512.0
2023-08-27,SBI,326.0,330.0,325.3,330.0,21092.0
2023-08-28,SBI,330.0,332.0,327.2,331.0,5402.0
2023-08-29,SBI,326.3,348.5,326.1,344.0,13104.0
2023-08-30,SBI,344.0,344.0,330.1,330.1,14807.0
2023-09-03,SBI,326.0,329.6,324.0,324.0,19901.0
2023-09-04,SBI,325.0,331.5,323.6,331.5,13481.0
2023-09-05,SBI,328.0,336.0,326.0,336.0,8759.0
2023-09-07,SBI,329.5,333.9,323.0,327.0,13422.0
2023-09-10,SBI,325.0,330.0,325.0,330.0,11789.0
2023-09-11,SBI,332.0,340.0,328.0,340.0,104938.0
2023-09-12,SBI,343.0,343.0,333.1,338.0,224944.0
2023-09-13,SBI,338.0,341.9,332.0,341.9,59143.0
2023-09-17,SBI,340.0,340.0,327.1,333.9,14135.0
2023-09-18,SBI,327.3,332.0,326.0,331.0,22929.0
2023-09-19,SBI,328.2,339.5,327.2,328.4,10250.0
2023-09-21,SBI,334.0,339.0,332.3,335.0,26235.0
2023-09-24,SBI,329.1,336.0,328.5,332.0,8649.0
2023-09-25,SBI,333.0,335.0,329.0,329.9,5751.0
2023-09-26,SBI,335.0,336.4,327.2,329.5,13809.0
2023-09-27,SBI,326.2,332.0,325.6,326.1,24989.0
2023-10-01,SBI,326.1,329.0,320.3,323.0,47400.0
2023-10-02,SBI,323.0,325.0,320.5,324.4,7225.0
2023-10-03,SBI,329.0,329.0,318.7,320.0,27295.0
2023-10-04,SBI,318.1,324.0,318.0,323.0,12358.0
2023-10-05,SBI,329.0,329.0,318.5,321.0,15627.0
2023-10-08,SBI,321.1,321.1,314.0,314.1,9584.0
2023-10-09,SBI,311.0,316.9,310.1,315.0,10162.0
2023-10-10,SBI,309.0,315.0,308.1,308.8,8979.0
2023-10-11,SBI,308.0,314.0,307.8,310.1,4809.0
2023-10-12,SBI,311.0,311.0,305.0,308.3,136703.0
2023-10-16,SBI,303.0,308.5,302.0,302.0,18551.0
2023-10-17,SBI,305.0,305.0,299.0,303.0,6831.0
2023-10-18,SBI,300.2,310.0,297.1,309.0,12467.0
2023-10-19,SBI,310.0,311.9,305.0,309.8,2676.0
2023-10-29,SBI,309.8,309.8,298.2,308.9,4550.0
2023-10-30,SBI,302.8,308.0,300.0,308.0,8931.0
2023-10-31,SBI,307.9,307.9,300.0,300.1,4549.0
2023-11-01,SBI,302.0,304.0,299.1,304.0,6619.0
2023-11-02,SBI,308.0,308.0,297.5,297.6,6243.0
2023-11-05,SBI,293.3,297.0,287.2,289.0,23118.0
2023-11-06,SBI,294.2,294.7,286.0,291.0,19397.0
2023-11-07,SBI,291.0,292.0,284.0,287.0,14132.0
2023-11-08,SBI,282.1,308.0,282.0,308.0,9868.0
2023-11-09,SBI,301.9,301.9,288.0,288.2,26185.0
2023-11-20,SBI,292.9,293.0,288.0,288.0,9546.0
2023-11-21,SBI,286.5,291.7,284.0,291.7,7572.0
2023-11-22,SBI,291.7,297.0,290.0,292.5,2482.0
2023-11-23,SBI,294.0,299.8,289.9,299.8,7525.0
2023-11-26,SBI,295.0,314.0,295.0,310.0,13692.0
2023-11-27,SBI,305.0,306.5,298.3,306.0,4345.0
2023-11-28,SBI,306.0,306.0,295.3,298.5,5669.0
2023-11-29,SBI,298.5,298.0,293.0,294.1,5898.0
2023-11-30,SBI,291.2,296.0,291.0,294.0,2588.0
2023-12-03,SBI,291.0,293.0,287.2,293.0,12954.0
2023-12-04,SBI,293.0,295.0,288.2,290.0,2432.0
2023-12-05,SBI,290.0,295.6,289.1,290.5,6976.0
2023-12-06,SBI,290.5,296.2,287.0,289.0,18142.0
2023-12-07,SBI,286.2,298.8,286.1,298.8,11153.0
2023-12-10,SBI,304.7,328.6,304.7,328.6,1170.0
2023-12-11,SBI,328.6,329.0,302.4,311.9,64983.0
2023-12-12,SBI,311.9,317.0,310.0,317.0,31275.0
2023-12-13,SBI,317.0,321.0,313.0,313.3,31783.0
2023-12-14,SBI,319.0,324.0,315.0,322.0,84026.0
2023-12-17,SBI,304.2,327.0,295.1,324.0,44556.0
2023-12-18,SBI,319.9,319.9,310.0,315.0,28668.0
2023-12-19,SBI,311.0,321.3,311.0,321.0,30169.0
2023-12-20,SBI,326.9,326.9,317.1,320.0,43320.0
2023-12-21,SBI,319.0,319.0,312.0,312.0,22685.0
2023-12-24,SBI,312.0,312.0,307.1,307.5,20530.0
2023-12-27,SBI,309.0,313.0,301.4,306.0,40789.0
2023-12-28,SBI,305.0,306.0,300.0,304.0,20510.0
2024-01-01,SBI,305.0,309.0,303.0,306.4,26846.0
2024-01-02,SBI,304.0,304.8,297.0,304.5,9199.0
2024-01-03,SBI,309.9,309.9,297.0,301.2,12152.0
2024-01-04,SBI,302.0,303.8,299.0,300.0,18763.0
2024-01-07,SBI,300.0,300.0,291.1,294.0,28575.0
2024-01-08,SBI,290.0,313.9,290.0,299.0,40737.0
2024-01-09,SBI,299.1,308.0,295.3,298.0,26555.0
2024-01-10,SBI,303.9,308.0,300.0,303.8,22360.0
2024-01-11,SBI,304.0,306.9,302.0,302.0,12598.0
2024-01-14,SBI,308.0,314.0,305.7,310.0,126206.0
2024-01-16,SBI,311.0,318.0,310.0,317.0,44444.0
2024-01-17,SBI,323.0,323.4,311.0,320.0,52585.0
2024-01-18,SBI,314.8,319.0,310.0,311.0,21790.0
2024-01-21,SBI,308.0,308.0,298.8,300.0,63575.0
2024-01-22,SBI,298.0,306.0,296.1,299.1,19073.0
2024-01-23,SBI,298.3,302.0,298.0,298.5,10294.0
2024-01-24,SBI,304.3,304.3,297.0,299.0,8644.0
2024-01-25,SBI,299.0,299.0,294.0,297.0,10428.0
2024-01-28,SBI,302.0,302.0,294.0,298.9,5190.0
2024-01-29,SBI,301.0,302.0,297.8,300.0,13872.0
2024-01-30,SBI,304.0,304.0,294.5,301.1,13487.0
2024-01-31,SBI,300.0,300.0,295.1,296.5,13996.0
2024-02-01,SBI,298.0,298.0,290.0,293.0,19634.0
2024-02-04,SBI,288.1,295.0,288.1,293.0,13283.0
2024-02-05,SBI,287.6,294.0,287.6,292.9,9529.0
2024-02-06,SBI,297.9,297.9,287.1,290.0,23198.0
2024-02-07,SBI,295.8,295.8,290.4,293.0,14610.0
2024-02-08,SBI,290.0,295.7,290.0,290.6,12730.0
2024-02-11,SBI,294.0,294.0,288.0,291.0,23176.0
2024-02-12,SBI,287.0,294.0,287.0,290.0,12208.0
2024-02-13,SBI,286.0,292.0,286.0,290.0,17814.0
2024-02-14,SBI,287.3,295.8,287.3,295.0,9227.0
2024-02-15,SBI,296.0,296.0,289.0,289.5,17947.0
2024-02-18,SBI,288.0,288.9,285.0,286.1,7617.0
2024-02-20,SBI,289.0,309.0,285.2,288.0,16387.0
2024-02-21,SBI,289.0,292.0,286.5,289.0,24721.0
2024-02-22,SBI,289.2,294.7,285.1,288.0,62823.0
2024-02-25,SBI,288.0,295.0,286.1,286.5,29003.0
2024-02-26,SBI,290.0,290.0,284.0,285.9,7368.0
2024-02-27,SBI,286.0,295.8,285.3,292.0,11514.0
2024-02-28,SBI,295.0,295.0,285.0,285.0,2557.0
2024-02-29,SBI,282.1,297.4,281.5,283.0,9781.0
2024-03-03,SBI,281.2,285.6,278.0,280.0,19233.0
2024-03-04,SBI,285.6,291.3,285.6,291.3,90.0
2024-03-05,SBI,297.1,297.1,286.3,286.4,17600.0
2024-03-06,SBI,281.1,291.0,281.1,286.0,3514.0
2024-03-07,SBI,291.7,297.0,290.1,293.2,37185.0
2024-03-08,SBI,291.7,297.0,290.1,293.2,37185.0
2024-03-09,SBI,291.7,297.0,290.1,293.2,37185.0
2024-03-10,SBI,299.0,299.0,290.2,294.0,4754.0
2024-03-11,SBI,299.0,299.0,290.2,294.0,4754.0
2024-03-12,SBI,291.0,298.7,291.0,298.0,18410.0
2024-03-13,SBI,300.0,303.9,294.1,300.4,25323.0
2024-03-14,SBI,296.0,299.9,294.6,294.6,9803.0
2024-03-15,SBI,296.0,299.9,294.6,294.6,9803.0
2024-03-16,SBI,296.0,299.9,294.6,294.6,9803.0
2024-03-17,SBI,300.0,300.0,288.8,296.0,14201.0
2024-03-18,SBI,301.9,301.9,290.8,296.9,15292.0
2024-03-19,SBI,296.9,296.9,291.3,295.0,6705.0
2024-03-20,SBI,300.0,300.0,289.2,290.0,7304.0
2024-03-21,SBI,293.0,294.9,288.0,292.4,16635.0
2024-03-22,SBI,293.0,294.9,288.0,292.4,16635.0
2024-03-23,SBI,293.0,294.9,288.0,292.4,16635.0
2024-03-24,SBI,293.0,294.9,288.0,292.4,16635.0
2024-03-25,SBI,292.4,292.4,287.1,288.0,6686.0
2024-03-26,SBI,287.9,289.0,285.3,288.5,6437.0
2024-03-27,SBI,292.9,292.9,282.0,284.0,10098.0
2024-03-28,SBI,289.6,289.6,280.7,281.0,7226.0
2024-03-29,SBI,289.6,289.6,280.7,281.0,7226.0
2024-03-30,SBI,289.6,289.6,280.7,281.0,7226.0
2024-03-31,SBI,286.4,286.4,280.0,280.7,10307.0
2024-04-01,SBI,280.7,285.0,278.1,283.0,21147.0
2024-04-02,SBI,288.6,288.6,278.0,283.0,17407.0
2024-04-03,SBI,285.0,285.0,278.0,283.0,16765.0
2024-04-04,SBI,285.0,285.0,277.9,282.5,14158.0
2024-04-05,SBI,285.0,285.0,277.9,282.5,14158.0
2024-04-06,SBI,285.0,285.0,277.9,282.5,14158.0
2024-04-07,SBI,277.1,286.0,277.1,285.9,11679.0
2024-04-08,SBI,277.1,286.0,277.1,285.9,11679.0
2024-04-09,SBI,291.6,291.6,281.3,282.0,19761.0
2024-04-10,SBI,287.0,287.4,281.6,284.5,11944.0
2024-04-11,SBI,287.0,287.4,281.6,284.5,11944.0
2024-04-12,SBI,287.0,287.4,281.6,284.5,11944.0
2024-04-13,SBI,287.0,287.4,281.6,284.5,11944.0
2024-04-14,SBI,285.0,286.0,279.3,282.0,17483.0
2024-04-15,SBI,282.0,284.0,272.9,275.0,23985.0
2024-04-16,SBI,271.0,278.0,270.1,277.8,13730.0
2024-04-17,SBI,271.0,278.0,270.1,277.8,13730.0
2024-04-18,SBI,274.0,279.4,272.0,274.0,5589.0
2024-04-19,SBI,274.0,279.4,272.0,274.0,5589.0
2024-04-20,SBI,274.0,279.4,272.0,274.0,5589.0
2024-04-21,SBI,271.0,274.9,268.6,273.9,13656.0
2024-04-22,SBI,273.9,279.0,269.7,277.0,7958.0
2024-04-23,SBI,275.0,279.0,269.7,277.0,7958.0
2024-04-24,SBI,282.0,282.0,269.5,269.5,8469.0
2024-04-25,SBI,269.0,279.5,269.0,276.0,23292.0
2024-04-26,SBI,269.0,279.5,269.0,276.0,23292.0
2024-04-27,SBI,269.0,279.5,269.0,276.0,23292.0
2024-04-28,SBI,278.0,278.0,272.5,274.8,10185.0
2024-04-29,SBI,280.2,284.0,274.5,284.0,54162.0
2024-04-30,SBI,289.6,289.6,282.0,284.0,22890.0
2024-05-01,SBI,289.6,289.6,282.0,284.0,22890.0
2024-05-02,SBI,289.6,289.6,277.1,281.0,10281.0
2024-05-03,SBI,289.6,289.6,277.1,281.0,10281.0
2024-05-04,SBI,289.6,289.6,277.1,281.0,10281.0
2024-05-05,SBI,276.0,285.6,275.0,279.4,19598.0
2024-05-06,SBI,284.9,284.9,270.0,273.0,22749.0
2024-05-07,SBI,273.0,278.9,272.0,273.6,4066.0
2024-05-08,SBI,272.6,275.0,270.0,274.0,7780.0
2024-05-09,SBI,277.0,277.0,270.0,270.2,5426.0
2024-05-10,SBI,277.0,277.0,270.0,270.2,5426.0
2024-05-11,SBI,277.0,277.0,270.0,270.2,5426.0
2024-05-12,SBI,270.0,278.8,270.0,271.4,7449.0
2024-05-13,SBI,276.8,285.0,271.5,284.0,21532.0
2024-05-14,SBI,289.6,289.6,281.5,281.6,10827.0
2024-05-15,SBI,281.6,288.6,279.1,279.1,11764.0
2024-05-16,SBI,284.6,284.6,274.4,279.0,6571.0
2024-05-17,SBI,284.6,284.6,274.4,279.0,6571.0
2024-05-18,SBI,284.6,284.6,274.4,279.0,6571.0
2024-05-19,SBI,284.5,289.6,281.0,286.0,13704.0
2024-05-20,SBI,291.7,305.0,287.0,296.0,58438.0
2024-05-21,SBI,301.9,304.0,295.0,300.0,20960.0
2024-05-22,SBI,298.0,312.0,298.0,309.5,57200.0
2024-05-23,SBI,298.0,312.0,298.0,309.5,57200.0
2024-05-24,SBI,298.0,312.0,298.0,309.5,57200.0
2024-05-25,SBI,298.0,312.0,298.0,309.5,57200.0
2024-05-26,SBI,309.0,310.0,300.1,306.0,32564.0
2024-05-27,SBI,301.0,324.3,301.0,304.1,31644.0
2024-05-28,SBI,301.0,324.3,301.0,304.1,31644.0
2024-05-29,SBI,310.0,315.0,300.0,301.9,33573.0
2024-05-30,SBI,305.9,305.9,295.0,298.0,21741.0
2024-05-31,SBI,305.9,305.9,295.0,298.0,21741.0
2024-06-01,SBI,305.9,305.9,295.0,298.0,21741.0
2024-06-02,SBI,303.0,303.8,292.2,297.0,8977.0
2024-06-03,SBI,302.9,306.8,292.1,297.0,4437.0
2024-06-04,SBI,302.9,302.9,298.4,299.9,22368.0
2024-06-05,SBI,305.8,305.8,294.4,297.0,2310.0
2024-06-06,SBI,301.0,301.0,293.0,296.0,16480.0
2024-06-07,SBI,301.0,301.0,293.0,296.0,16480.0
2024-06-08,SBI,301.0,301.0,293.0,296.0,16480.0
2024-06-09,SBI,301.9,303.9,292.0,298.0,26412.0
2024-06-10,SBI,303.9,303.9,295.0,297.0,14687.0
2024-06-11,SBI,302.9,302.9,292.3,299.0,12078.0
2024-06-12,SBI,300.0,303.0,297.3,300.0,9804.0
2024-06-13,SBI,298.0,300.0,295.0,299.9,12277.0
2024-06-14,SBI,298.0,300.0,295.0,299.9,12277.0
2024-06-15,SBI,298.0,300.0,295.0,299.9,12277.0
2024-06-16,SBI,295.2,299.0,294.0,294.0,4350.0
2024-06-17,SBI,295.2,299.0,294.0,294.0,4350.0
2024-06-18,SBI,293.0,296.0,290.3,292.1,6718.0
2024-06-19,SBI,297.9,297.9,290.2,292.9,3406.0
2024-06-20,SBI,298.7,298.7,288.2,293.0,4631.0
2024-06-21,SBI,298.7,298.7,288.2,293.0,4631.0
2024-06-22,SBI,298.7,298.7,288.2,293.0,4631.0
2024-06-23,SBI,290.0,304.7,288.2,295.0,6340.0
2024-06-24,SBI,299.8,299.8,289.3,293.0,8790.0
2024-06-25,SBI,290.0,293.0,285.0,290.0,9619.0
2024-06-26,SBI,295.0,295.7,287.0,290.0,23778.0
2024-06-27,SBI,295.8,297.0,285.6,287.0,9711.0
2024-06-28,SBI,295.8,297.0,285.6,287.0,9711.0
2024-06-29,SBI,295.8,297.0,285.6,287.0,9711.0
2024-06-30,SBI,292.0,294.0,287.0,289.9,17392.0
2024-07-01,SBI,285.0,293.0,282.3,291.0,14115.0
2024-07-02,SBI,296.8,308.0,291.1,300.0,18825.0
2024-07-03,SBI,306.0,306.0,288.2,299.0,7214.0
2024-07-04,SBI,303.9,304.9,299.0,300.9,26288.0
2024-07-05,SBI,303.9,304.9,299.0,300.9,26288.0
2024-07-06,SBI,303.9,304.9,299.0,300.9,26288.0
2024-07-07,SBI,305.0,305.0,299.1,304.7,44974.0
2024-07-08,SBI,310.7,311.0,303.0,304.9,42526.0
2024-07-09,SBI,310.9,310.9,303.0,307.0,8531.0
2024-07-10,SBI,313.1,313.1,307.0,312.0,76823.0
2024-07-11,SBI,318.2,323.0,314.0,323.0,73843.0
2024-07-12,SBI,318.2,323.0,314.0,323.0,73843.0
2024-07-13,SBI,318.2,323.0,314.0,323.0,73843.0
2024-07-14,SBI,329.4,337.0,320.0,336.0,73032.0
2024-07-15,SBI,342.7,342.7,325.0,328.0,173134.0
2024-07-16,SBI,329.0,337.0,325.7,337.0,35666.0
2024-07-17,SBI,343.7,364.0,339.9,363.0,191640.0
2024-07-18,SBI,357.0,397.8,357.0,380.0,213906.0
2024-07-19,SBI,357.0,397.8,357.0,380.0,213906.0
2024-07-20,SBI,357.0,397.8,357.0,380.0,213906.0
2024-07-21,SBI,381.0,398.8,372.0,391.0,218001.0
2024-07-22,SBI,397.0,400.0,384.0,391.0,201549.0
2024-07-23,SBI,395.0,425.0,383.9,420.0,293587.0
2024-07-24,SBI,427.0,428.0,401.0,408.1,236528.0
2024-07-25,SBI,403.0,419.0,403.0,410.0,264829.0
2024-07-26,SBI,403.0,419.0,403.0,410.0,264829.0
2024-07-27,SBI,403.0,419.0,403.0,410.0,264829.0
2024-07-28,SBI,418.2,451.0,418.2,451.0,532053.0
2024-07-29,SBI,451.0,462.0,439.2,441.5,336421.0
2024-07-30,SBI,450.3,450.3,429.0,438.9,174144.0
2024-07-31,SBI,438.9,445.0,434.0,440.0,285341.0
2024-08-01,SBI,434.3,447.5,432.0,433.1,86171.0
2024-08-02,SBI,434.3,447.5,432.0,433.1,86171.0
2024-08-03,SBI,434.3,447.5,432.0,433.1,86171.0
2024-08-04,SBI,434.3,447.5,432.0,433.1,86171.0
2024-08-05,SBI,433.0,450.0,425.1,431.5,135908.0
2024-08-06,SBI,426.0,430.0,410.0,415.9,184938.0
2024-08-07,SBI,415.0,432.0,408.5,418.0,68903.0
2024-08-08,SBI,423.0,423.0,409.0,420.2,102134.0
2024-08-09,SBI,423.0,423.0,409.0,420.2,102134.0
2024-08-10,SBI,423.0,423.0,409.0,420.2,102134.0
2024-08-11,SBI,428.6,428.6,416.0,424.7,113268.0
2024-08-12,SBI,432.0,454.0,430.0,451.0,314283.0
2024-08-13,SBI,455.0,456.0,436.0,451.0,185136.0
2024-08-14,SBI,450.0,450.0,433.2,441.0,62163.0
2024-08-15,SBI,449.8,465.0,441.2,449.0,244226.0
2024-08-16,SBI,449.8,465.0,441.2,449.0,244226.0
2024-08-17,SBI,449.8,465.0,441.2,449.0,244226.0
2024-08-18,SBI,455.0,465.0,445.0,446.0,289970.0
2024-08-19,SBI,455.0,465.0,445.0,446.0,289970.0
2024-08-20,SBI,455.0,465.0,445.0,446.0,289970.0
2024-08-21,SBI,445.0,481.6,441.1,470.0,604357.0
2024-08-22,SBI,479.4,497.0,478.3,487.0,346483.0
2024-08-23,SBI,479.4,497.0,478.3,487.0,346483.0
2024-08-24,SBI,479.4,497.0,478.3,487.0,346483.0
2024-08-25,SBI,487.0,488.0,460.8,461.0,209803.0
2024-08-26,SBI,487.0,488.0,460.8,461.0,209803.0
2024-08-27,SBI,470.2,470.2,430.4,445.0,208024.0
2024-08-28,SBI,453.9,462.0,441.3,444.0,85352.0
2024-08-29,SBI,437.0,445.4,436.7,438.2,68981.0
2024-08-30,SBI,437.0,445.4,436.7,438.2,68981.0
2024-08-31,SBI,437.0,445.4,436.7,438.2,68981.0
2024-09-01,SBI,432.0,446.0,425.2,430.0,119448.0
2024-09-02,SBI,438.0,473.0,424.0,465.0,94404.0
2024-09-03,SBI,472.0,472.0,450.0,456.7,198493.0
2024-09-04,SBI,465.8,465.8,432.5,435.8,74614.0
2024-09-05,SBI,443.9,443.9,424.0,436.0,41224.0
2024-09-06,SBI,443.9,443.9,424.0,436.0,41224.0
2024-09-07,SBI,443.9,443.9,424.0,436.0,41224.0
2024-09-08,SBI,437.5,454.9,430.3,433.4,177273.0
2024-09-09,SBI,430.0,457.4,426.0,429.0,110924.0
2024-09-10,SBI,437.5,437.5,428.0,433.0,52606.0
2024-09-11,SBI,437.0,437.0,423.0,425.9,21697.0
2024-09-12,SBI,434.4,434.8,422.0,424.1,49208.0
2024-09-13,SBI,434.4,434.8,422.0,424.1,49208.0
2024-09-14,SBI,434.4,434.8,422.0,424.1,49208.0
2024-09-15,SBI,432.0,440.0,417.1,424.0,47278.0
2024-09-16,SBI,416.0,439.0,410.0,418.0,44660.0
2024-09-17,SBI,416.0,439.0,410.0,418.0,44660.0
2024-09-18,SBI,418.0,422.9,411.0,417.0,52852.0
2024-09-19,SBI,418.0,422.9,411.0,417.0,52852.0
2024-09-20,SBI,418.0,422.9,411.0,417.0,52852.0
2024-09-21,SBI,418.0,422.9,411.0,417.0,52852.0
2024-09-22,SBI,409.0,434.0,409.0,421.0,40377.0
2024-09-23,SBI,429.4,429.4,414.0,415.0,51643.0
2024-09-24,SBI,413.7,418.0,409.0,416.9,119632.0
2024-09-25,SBI,410.1,419.0,410.1,417.7,24876.0
2024-09-26,SBI,424.8,424.8,412.0,413.0,36571.0
2024-09-27,SBI,424.8,424.8,412.0,413.0,36571.0
2024-09-28,SBI,424.8,424.8,412.0,413.0,36571.0
2024-09-29,SBI,420.0,420.0,404.8,412.9,20619.0
2024-09-30,SBI,417.0,425.3,413.0,425.3,34821.0
2024-10-01,SBI,429.9,445.9,425.2,442.0,99005.0
2024-10-02,SBI,435.0,452.0,435.0,443.0,112322.0
2024-10-03,SBI,435.0,452.0,435.0,443.0,112322.0
2024-10-04,SBI,435.0,452.0,435.0,443.0,112322.0
2024-10-05,SBI,435.0,452.0,435.0,443.0,112322.0
2024-10-06,SBI,445.0,459.0,445.0,454.8,114994.0
2024-10-07,SBI,460.0,466.2,456.1,466.2,356588.0
2024-10-08,SBI,467.0,471.0,460.0,461.5,90106.0
2024-10-09,SBI,467.0,467.0,452.9,456.5,136715.0
2024-10-10,SBI,467.0,467.0,452.9,456.5,136715.0
2024-10-11,SBI,467.0,467.0,452.9,456.5,136715.0
2024-10-12,SBI,467.0,467.0,452.9,456.5,136715.0
2024-10-13,SBI,467.0,467.0,452.9,456.5,136715.0
2024-10-14,SBI,467.0,467.0,452.9,456.5,136715.0
2024-10-15,SBI,463.0,472.9,447.4,464.0,47449.0
2024-10-16,SBI,465.0,474.0,465.0,469.0,120166.0
2024-10-17,SBI,473.0,499.0,470.0,481.1,373974.0
2024-10-18,SBI,473.0,499.0,470.0,481.1,373974.0
2024-10-19,SBI,473.0,499.0,470.0,481.1,373974.0
2024-10-20,SBI,472.0,488.0,472.0,480.0,134098.0
2024-10-21,SBI,487.0,488.0,467.0,470.0,88740.0
2024-10-22,SBI,477.9,515.0,468.4,488.9,185489.0
2024-10-23,SBI,498.6,517.0,479.0,482.9,394668.0
2024-10-24,SBI,473.3,530.0,473.3,530.0,215499.0
2024-10-25,SBI,473.3,530.0,473.3,530.0,215499.0
2024-10-26,SBI,473.3,530.0,473.3,530.0,215499.0
2024-10-27,SBI,519.4,549.0,481.0,494.0,434249.0
2024-10-28,SBI,484.2,496.1,481.0,481.0,142949.0
2024-10-29,SBI,490.6,490.6,477.0,482.0,81783.0
2024-10-30,SBI,491.0,491.0,480.1,483.0,127237.0
2024-10-31,SBI,491.0,491.0,480.1,483.0,127237.0
2024-11-01,SBI,491.0,491.0,480.1,483.0,127237.0
2024-11-02,SBI,491.0,491.0,480.1,483.0,127237.0
2024-11-03,SBI,491.0,491.0,480.1,483.0,127237.0
2024-11-04,SBI,491.0,491.0,480.1,483.0,127237.0
2024-11-05,SBI,492.6,492.6,474.5,479.0,88509.0
2024-11-06,SBI,470.0,508.0,470.0,477.0,105028.0
2024-11-07,SBI,470.0,508.0,470.0,477.0,105028.0
2024-11-08,SBI,470.0,508.0,470.0,477.0,105028.0
2024-11-09,SBI,470.0,508.0,470.0,477.0,105028.0
2024-11-10,SBI,482.9,486.0,480.0,485.0,124978.0
2024-11-11,SBI,494.7,502.0,481.0,481.0,143674.0
2024-11-12,SBI,490.6,491.9,480.0,482.7,83660.0
2024-11-13,SBI,492.3,492.3,474.9,476.9,47384.0
2024-11-14,SBI,478.5,481.0,469.5,470.0,107431.0
2024-11-15,SBI,478.5,481.0,469.5,470.0,107431.0
2024-11-16,SBI,478.5,481.0,469.5,470.0,107431.0
2024-11-17,SBI,474.9,479.0,467.3,468.0,63416.0
2024-11-18,SBI,474.9,479.0,467.3,468.0,63416.0
2024-11-19,SBI,466.0,475.0,465.0,465.3,60868.0
2024-11-20,SBI,474.6,474.6,463.2,467.0,28069.0
2024-11-21,SBI,476.0,476.0,459.7,459.7,40523.0
2024-11-22,SBI,476.0,476.0,459.7,459.7,40523.0
2024-11-23,SBI,476.0,476.0,459.7,459.7,40523.0
2024-11-24,SBI,468.8,468.8,455.1,459.0,162397.0
2024-11-25,SBI,468.1,468.1,459.1,461.0,25670.0
2024-11-26,SBI,470.2,470.2,462.2,468.9,28878.0
2024-11-27,SBI,478.2,481.3,469.0,478.5,110367.0
2024-11-28,SBI,488.0,488.0,470.1,471.0,62219.0
2024-11-29,SBI,488.0,488.0,470.1,471.0,62219.0
2024-11-30,SBI,488.0,488.0,470.1,471.0,62219.0
2024-12-01,SBI,480.4,480.4,460.0,462.0,48979.0
2024-12-02,SBI,465.0,471.0,462.1,462.5,31158.0
2024-12-03,SBI,469.0,470.0,460.0,463.0,33049.0
2024-12-04,SBI,463.0,470.0,455.2,463.0,65757.0
2024-12-05,SBI,470.9,470.9,458.7,460.5,42783.0
2024-12-06,SBI,470.9,470.9,458.7,460.5,42783.0
2024-12-07,SBI,470.9,470.9,458.7,460.5,42783.0
2024-12-08,SBI,455.1,462.1,452.0,454.0,41786.0
2024-12-09,SBI,453.0,454.9,448.0,454.9,46103.0
2024-12-10,SBI,463.9,463.9,446.6,454.0,238798.0
2024-12-11,SBI,461.5,461.5,450.0,460.0,27672.0
2024-12-12,SBI,469.2,469.2,455.4,458.0,53037.0
2024-12-13,SBI,469.2,469.2,455.4,458.0,53037.0
2024-12-14,SBI,469.2,469.2,455.4,458.0,53037.0
2024-12-15,SBI,469.2,469.2,455.4,458.0,53037.0
2024-12-16,SBI,452.0,455.0,446.0,447.0,24824.0
2024-12-17,SBI,444.2,453.0,444.0,453.0,39647.0
2024-12-18,SBI,450.1,455.0,448.6,450.7,33545.0
2024-12-19,SBI,450.7,452.0,442.0,442.0,47695.0
2024-12-20,SBI,450.7,452.0,442.0,442.0,47695.0
2024-12-21,SBI,450.7,452.0,442.0,442.0,47695.0
2024-12-22,SBI,430.0,430.0,422.1,426.0,44183.0
2024-12-23,SBI,430.0,430.0,422.0,427.8,51356.0
2024-12-24,SBI,422.1,453.0,422.1,425.0,19353.0
2024-12-25,SBI,422.1,453.0,422.1,425.0,19353.0
2024-12-26,SBI,421.0,439.6,421.0,435.0,47253.0
2024-12-27,SBI,421.0,439.6,421.0,435.0,47253.0
2024-12-28,SBI,421.0,439.6,421.0,435.0,47253.0
2024-12-29,SBI,442.0,442.0,428.0,430.0,40950.0
2024-12-30,SBI,442.0,442.0,428.0,430.0,40950.0
2024-12-31,SBI,426.0,428.0,421.1,428.0,29909.0
2025-01-01,SBI,425.0,435.0,419.6,420.1,102446.0
2025-01-02,SBI,427.0,428.0,421.0,421.0,22032.0
2025-01-03,SBI,427.0,428.0,421.0,421.0,22032.0
2025-01-04,SBI,427.0,428.0,421.0,421.0,22032.0
2025-01-05,SBI,422.0,427.0,420.0,420.3,118933.0
2025-01-06,SBI,428.7,428.7,420.5,426.0,113733.0
2025-01-07,SBI,434.5,443.0,422.1,429.0,89244.0
2025-01-08,SBI,432.0,434.6,423.0,426.0,43635.0
2025-01-09,SBI,422.0,430.0,422.0,429.5,39047.0
2025-01-10,SBI,422.0,430.0,422.0,429.5,39047.0
2025-01-11,SBI,422.0,430.0,422.0,429.5,39047.0
2025-01-12,SBI,424.0,433.0,422.0,428.7,8858.0
2025-01-13,SBI,430.0,460.0,422.0,460.0,37663.0
2025-01-14,SBI,430.0,460.0,422.0,460.0,37663.0
2025-01-15,SBI,450.8,450.8,430.0,434.0,71405.0
2025-01-16,SBI,434.0,440.0,430.1,440.0,32984.0
2025-01-17,SBI,434.0,440.0,430.1,440.0,32984.0
2025-01-18,SBI,434.0,440.0,430.1,440.0,32984.0
2025-01-19,SBI,432.0,444.0,432.0,442.0,28878.0
2025-01-20,SBI,450.8,450.8,419.0,424.9,270114.0
2025-01-21,SBI,418.2,428.0,418.0,425.0,153589.0
2025-01-22,SBI,418.1,432.0,418.1,422.0,33163.0
2025-01-23,SBI,429.9,429.9,418.0,422.7,34145.0
2025-01-24,SBI,429.9,429.9,418.0,422.7,34145.0
2025-01-25,SBI,429.9,429.9,418.0,422.7,34145.0
2025-01-26,SBI,414.3,424.0,414.3,418.9,28459.0
2025-01-27,SBI,415.7,418.0,413.2,418.0,112710.0
2025-01-28,SBI,417.9,420.0,413.1,416.0,87772.0
2025-01-29,SBI,417.9,420.0,413.1,416.0,87772.0
2025-01-30,SBI,417.9,420.0,413.1,416.0,87772.0
2025-01-31,SBI,417.9,420.0,413.1,416.0,87772.0
2025-02-01,SBI,417.9,420.0,413.1,416.0,87772.0
2025-02-02,SBI,420.0,432.0,416.1,423.0,46025.0
2025-02-03,SBI,421.3,428.0,421.0,424.0,55580.0
2025-02-04,SBI,430.0,430.0,419.0,419.0,20318.0
2025-02-05,SBI,425.9,425.9,417.1,420.0,18319.0
2025-02-06,SBI,424.9,424.9,413.7,417.2,41645.0
2025-02-07,SBI,424.9,424.9,413.7,417.2,41645.0
2025-02-08,SBI,424.9,424.9,413.7,417.2,41645.0
2025-02-09,SBI,413.3,420.0,413.3,414.0,29041.0
2025-02-10,SBI,415.0,420.0,413.0,415.0,28709.0
2025-02-11,SBI,415.0,416.5,411.1,414.0,30521.0
2025-02-12,SBI,414.0,414.0,409.0,411.0,67820.0
2025-02-13,SBI,410.0,414.0,405.1,409.0,20928.0
2025-02-14,SBI,410.0,414.0,405.1,409.0,20928.0
2025-02-15,SBI,410.0,414.0,405.1,409.0,20928.0
2025-02-16,SBI,407.0,415.0,407.0,415.0,49298.0
2025-02-17,SBI,412.0,425.5,412.0,424.8,45270.0
2025-02-18,SBI,433.2,433.2,419.0,422.9,50434.0
2025-02-19,SBI,433.2,433.2,419.0,422.9,50434.0
2025-02-20,SBI,417.1,422.0,415.0,420.0,30694.0
2025-02-21,SBI,417.1,422.0,415.0,420.0,30694.0
2025-02-22,SBI,417.1,422.0,415.0,420.0,30694.0
2025-02-23,SBI,415.0,422.0,408.0,422.0,94959.0
2025-02-24,SBI,423.0,424.0,417.1,421.0,70819.0
2025-02-25,SBI,425.0,427.0,418.1,420.0,27700.0
2025-02-26,SBI,425.0,427.0,418.1,420.0,27700.0
2025-02-27,SBI,428.1,436.0,423.2,430.0,124481.0
2025-02-28,SBI,428.1,436.0,423.2,430.0,124481.0
2025-03-01,SBI,428.1,436.0,423.2,430.0,124481.0
2025-03-02,SBI,431.1,437.7,429.0,437.0,117170.0
2025-03-03,SBI,444.0,445.0,430.0,430.0,62037.0
2025-03-04,SBI,432.0,433.0,425.1,429.0,45037.0
2025-03-05,SBI,429.0,429.0,421.1,421.2,48935.0
2025-03-06,SBI,421.0,434.0,421.0,423.5,11507.0
2025-03-07,SBI,421.0,434.0,421.0,423.5,11507.0
2025-03-08,SBI,421.0,434.0,421.0,423.5,11507.0
2025-03-09,SBI,431.0,431.0,414.0,423.3,44949.0
2025-03-10,SBI,423.0,429.0,414.9,417.0,34422.0
2025-03-11,SBI,425.0,425.0,411.0,414.0,26592.0
2025-03-12,SBI,415.6,417.0,411.3,417.0,19717.0
2025-03-13,SBI,415.6,417.0,411.3,417.0,19717.0
2025-03-14,SBI,415.6,417.0,411.3,417.0,19717.0
2025-03-15,SBI,415.6,417.0,411.3,417.0,19717.0
2025-03-16,SBI,414.1,418.9,410.0,417.0,19880.0
2025-03-17,SBI,412.1,417.0,412.0,417.0,19215.0
2025-03-18,SBI,415.0,418.9,413.2,415.9,12635.0
2025-03-19,SBI,411.1,420.0,411.1,416.9,26107.0
2025-03-20,SBI,415.0,417.0,412.0,414.0,12798.0
2025-03-21,SBI,415.0,417.0,412.0,414.0,12798.0
2025-03-22,SBI,415.0,417.0,412.0,414.0,12798.0
2025-03-23,SBI,412.0,413.0,406.7,407.8,24099.0
2025-03-24,SBI,403.0,411.0,403.0,408.0,17658.0
2025-03-25,SBI,400.1,405.0,399.9,402.08,128753.0
2025-03-26,SBI,402.0,415.0,401.8,412.33,37901.0
2025-03-27,SBI,420.5,420.5,407.0,412.43,14449.0
2025-03-28,SBI,420.5,420.5,407.0,412.43,14449.0
2025-03-29,SBI,420.5,420.5,407.0,412.43,14449.0
2025-03-30,SBI,412.0,420.0,412.0,416.89,28874.0
2025-03-31,SBI,412.0,420.0,412.0,416.89,28874.0
2025-04-01,SBI,413.0,418.5,410.2,416.35,18902.0
2025-04-02,SBI,424.6,424.6,409.1,414.44,29094.0
2025-04-03,SBI,410.0,443.0,410.0,417.54,32946.0
2025-04-04,SBI,410.0,443.0,410.0,417.54,32946.0
2025-04-05,SBI,410.0,443.0,410.0,417.54,32946.0
2025-04-06,SBI,410.0,443.0,410.0,417.54,32946.0
2025-04-07,SBI,410.0,423.0,408.5,414.33,17594.0
2025-04-08,SBI,412.0,423.3,407.5,416.81,20645.0
2025-04-09,SBI,425.1,425.1,414.0,414.95,18953.0
2025-04-10,SBI,421.9,421.9,414.0,416.77,194183.0
2025-04-11,SBI,421.9,421.9,414.0,416.77,194183.0
2025-04-12,SBI,421.9,421.9,414.0,416.77,194183.0
2025-04-13,SBI,420.0,422.0,416.8,420.87,23118.0
2025-04-14,SBI,420.0,422.0,416.8,420.87,23118.0
2025-04-15,SBI,429.0,429.0,418.0,420.25,120494.0
2025-04-16,SBI,428.6,430.0,418.0,428.86,39718.0
2025-04-17,SBI,430.0,433.0,420.0,426.06,37407.0
2025-04-18,SBI,430.0,433.0,420.0,426.06,37407.0
2025-04-19,SBI,430.0,433.0,420.0,426.06,37407.0
2025-04-20,SBI,425.0,451.0,418.0,442.68,123884.0
2025-04-21,SBI,440.1,440.1,422.0,424.22,63979.0
2025-04-22,SBI,418.2,426.0,412.0,416.03,39642.0
2025-04-23,SBI,410.0,417.8,408.0,409.59,31320.0
2025-04-24,SBI,416.0,416.0,407.0,409.58,15376.0
2025-04-25,SBI,416.0,416.0,407.0,409.58,15376.0
2025-04-26,SBI,416.0,416.0,407.0,409.58,15376.0
2025-04-27,SBI,404.0,413.9,403.0,403.82,85712.0
2025-04-28,SBI,411.8,411.8,403.0,404.48,43988.0
2025-04-29,SBI,411.0,411.0,395.0,395.58,77059.0
2025-04-30,SBI,393.0,398.0,388.0,389.41,42088.0
2025-05-01,SBI,393.0,398.0,388.0,389.41,42088.0
2025-05-02,SBI,393.0,398.0,388.0,389.41,42088.0
2025-05-03,SBI,393.0,398.0,388.0,389.41,42088.0
2025-05-04,SBI,397.0,397.0,385.5,386.41,96577.0
2025-05-05,SBI,386.5,391.9,378.0,379.2,50210.0
2025-05-06,SBI,373.0,409.0,372.2,377.16,41068.0
2025-05-07,SBI,384.0,394.0,376.0,390.44,49639.0
2025-05-08,SBI,383.6,394.9,383.2,387.72,14706.0
2025-05-09,SBI,383.6,394.9,383.2,387.72,14706.0
2025-05-10,SBI,383.6,394.9,383.2,387.72,14706.0
2025-05-11,SBI,393.0,393.0,380.6,384.36,19391.0
2025-05-12,SBI,393.0,393.0,380.6,384.36,19391.0
2025-05-13,SBI,392.0,392.0,379.0,381.67,25917.0
2025-05-14,SBI,382.0,382.0,375.0,375.49,22408.0
2025-05-15,SBI,380.0,382.0,374.4,375.83,19394.0
2025-05-16,SBI,380.0,382.0,374.4,375.83,19394.0
2025-05-17,SBI,380.0,382.0,374.4,375.83,19394.0
2025-05-18,SBI,382.0,382.0,374.2,377.64,10731.0
2025-05-19,SBI,381.7,381.7,374.4,378.67,23962.0
2025-05-20,SBI,375.0,392.0,373.0,387.52,23367.0
2025-05-21,SBI,395.2,409.0,388.0,390.42,43735.0
2025-05-22,SBI,391.0,417.0,388.2,409.45,142310.0
2025-05-23,SBI,391.0,417.0,388.2,409.45,142310.0
2025-05-24,SBI,391.0,417.0,388.2,409.45,142310.0
2025-05-25,SBI,410.0,416.0,398.0,401.05,28748.0
2025-05-26,SBI,409.0,417.0,402.0,403.77,41572.0
2025-05-27,SBI,400.0,405.9,399.1,403.23,19040.0
2025-05-28,SBI,403.0,410.0,398.0,409.49,31797.0
2025-05-29,SBI,403.0,410.0,398.0,409.49,31797.0
2025-05-30,SBI,403.0,410.0,398.0,409.49,31797.0
2025-05-31,SBI,403.0,410.0,398.0,409.49,31797.0
2025-06-01,SBI,403.0,410.0,398.0,409.49,31797.0
2025-06-02,SBI,412.0,417.6,410.0,414.19,167278.0
2025-06-03,SBI,410.0,418.0,403.2,407.98,100089.0
2025-06-04,SBI,408.0,415.0,400.0,414.43,29558.0
2025-06-05,SBI,406.2,430.0,406.2,409.21,52784.0
2025-06-06,SBI,406.2,430.0,406.2,409.21,52784.0
2025-06-07,SBI,406.2,430.0,406.2,409.21,52784.0
2025-06-08,SBI,409.21,412.0,398.0,399.64,24041.0
2025-06-09,SBI,406.0,406.0,398.0,402.09,9247.0
2025-06-10,SBI,410.0,410.0,400.5,402.99,10040.0
2025-06-11,SBI,402.1,410.0,397.1,397.86,22816.0
2025-06-12,SBI,395.0,401.0,392.0,394.62,15885.0
2025-06-13,SBI,395.0,401.0,392.0,394.62,15885.0
2025-06-14,SBI,395.0,401.0,392.0,394.62,15885.0
2025-06-15,SBI,395.0,397.0,390.0,390.35,21986.0
2025-06-16,SBI,389.0,395.0,387.9,391.76,28643.0
2025-06-17,SBI,398.0,398.0,385.0,386.82,27143.0
2025-06-18,SBI,393.1,400.5,386.2,387.96,16189.0
2025-06-19,SBI,394.9,394.9,380.5,385.56,30944.0
2025-06-20,SBI,394.9,394.9,380.5,385.56,30944.0
2025-06-21,SBI,394.9,394.9,380.5,385.56,30944.0
2025-06-22,SBI,380.1,387.0,377.2,378.44,46558.0
2025-06-23,SBI,377.1,396.0,377.1,387.31,10486.0
2025-06-24,SBI,395.0,395.0,385.0,388.48,24838.0
2025-06-25,SBI,389.0,389.5,385.0,385.72,6193.0
2025-06-26,SBI,384.0,391.6,383.0,386.57,21912.0
2025-06-27,SBI,384.0,391.6,383.0,386.57,21912.0
2025-06-28,SBI,384.0,391.6,383.0,386.57,21912.0
2025-06-29,SBI,383.5,394.0,383.5,392.47,16253.0
2025-06-30,SBI,395.0,398.6,393.0,396.42,16541.0
2025-07-01,SBI,393.0,404.0,393.0,402.83,26693.0
2025-07-02,SBI,410.8,411.0,400.0,409.36,60037.0
2025-07-03,SBI,403.4,415.5,403.4,410.28,55181.0
2025-07-04,SBI,403.4,415.5,403.4,410.28,55181.0
2025-07-05,SBI,403.4,415.5,403.4,410.28,55181.0
2025-07-06,SBI,410.0,418.0,405.2,413.05,52980.0
2025-07-07,SBI,408.6,412.8,405.0,409.05,105350.0
2025-07-08,SBI,410.0,410.0,404.0,407.66,35451.0
2025-07-09,SBI,405.1,412.9,405.1,411.54,38878.0
2025-07-10,SBI,411.0,433.0,411.0,431.24,230984.0
2025-07-11,SBI,411.0,433.0,411.0,431.24,230984.0
2025-07-12,SBI,411.0,433.0,411.0,431.24,230984.0
2025-07-13,SBI,439.8,447.0,431.2,438.53,231954.0
2025-07-14,SBI,435.0,439.0,428.3,430.04,156334.0
2025-07-15,SBI,430.0,440.5,425.1,438.12,205262.0
2025-07-16,SBI,444.0,448.1,438.1,439.98,342412.0
2025-07-17,SBI,446.0,452.0,440.0,441.81,234926.0
2025-07-18,SBI,446.0,452.0,440.0,441.81,234926.0
2025-07-19,SBI,446.0,452.0,440.0,441.81,234926.0
2025-07-20,SBI,440.1,446.0,434.0,435.58,77492.0
2025-07-21,SBI,430.3,443.4,430.3,437.9,60040.0
2025-07-22,SBI,445.9,447.0,436.0,442.95,157090.0
2025-07-23,SBI,448.0,451.0,438.0,442.36,69273.0
2025-07-24,SBI,442.0,445.0,437.2,439.05,49660.0
2025-07-25,SBI,442.0,445.0,437.2,439.05,49660.0
2025-07-26,SBI,442.0,445.0,437.2,439.05,49660.0
2025-07-27,SBI,445.0,445.0,431.0,431.36,139379.0
2025-07-28,SBI,432.1,435.0,424.0,433.28,131139.0
2025-07-29,SBI,441.9,444.9,435.0,442.63,105474.0
2025-07-30,SBI,451.4,451.4,432.0,432.85,62428.0
2025-07-31,SBI,436.8,436.8,422.9,425.62,71257.0
2025-08-01,SBI,436.8,436.8,422.9,425.62,71257.0
2025-08-02,SBI,436.8,436.8,422.9,425.62,71257.0
2025-08-03,SBI,422.1,427.0,412.0,415.64,37697.0
2025-08-04,SBI,407.4,426.0,407.4,423.67,23648.0
2025-08-05,SBI,432.0,440.7,418.0,418.51,40757.0
2025-08-06,SBI,426.8,426.8,414.1,414.83,18502.0
2025-08-07,SBI,406.6,423.0,406.6,417.07,16998.0
2025-08-08,SBI,406.6,423.0,406.6,417.07,16998.0
2025-08-09,SBI,406.6,423.0,406.6,417.07,16998.0
2025-08-10,SBI,406.6,423.0,406.6,417.07,16998.0
2025-08-11,SBI,423.0,424.0,415.0,415.79,40729.0
2025-08-12,SBI,413.0,418.0,409.5,410.01,14584.0
2025-08-13,SBI,410.01,412.0,406.0,406.22,19043.0
2025-08-14,SBI,405.1,407.0,390.3,394.34,75653.0
2025-08-15,SBI,405.1,407.0,390.3,394.34,75653.0
2025-08-16,SBI,405.1,407.0,390.3,394.34,75653.0
2025-08-17,SBI,395.0,399.0,390.0,390.67,16089.0
2025-08-18,SBI,382.9,401.5,382.9,389.14,14811.0
2025-08-19,SBI,395.0,395.0,385.0,390.71,16999.0
2025-08-20,SBI,391.0,397.0,386.7,387.89,29015.0
2025-08-21,SBI,380.2,390.0,380.2,385.29,43357.0
2025-08-22,SBI,380.2,390.0,380.2,385.29,43357.0
2025-08-23,SBI,380.2,390.0,380.2,385.29,43357.0
2025-08-24,SBI,385.0,390.0,382.0,382.98,19702.0
2025-08-25,SBI,389.0,389.0,382.7,385.37,11509.0
2025-08-26,SBI,386.0,393.7,385.0,386.84,11197.0
2025-08-27,SBI,386.0,394.7,386.0,394.1,18563.0
2025-08-28,SBI,387.5,395.0,387.5,390.82,22671.0
2025-08-29,SBI,387.5,395.0,387.5,390.82,22671.0
2025-08-30,SBI,387.5,395.0,387.5,390.82,22671.0
2025-08-31,SBI,385.0,394.5,384.6,391.09,14170.0
2025-09-01,SBI,398.9,398.9,387.1,394.26,39707.0
2025-09-02,SBI,402.1,402.1,395.6,396.48,32178.0
2025-09-03,SBI,391.0,397.8,389.0,390.92,12725.0
2025-09-04,SBI,398.7,398.7,384.0,386.05,18097.0
2025-09-05,SBI,398.7,398.7,384.0,386.05,18097.0
2025-09-06,SBI,398.7,398.7,384.0,386.05,18097.0
2025-09-07,SBI,385.0,396.0,385.0,392.44,50149.0
2025-09-08,SBI,386.0,395.0,384.1,384.49,35408.0
2025-09-09,SBI,386.0,395.0,384.1,384.49,35408.0
2025-09-10,SBI,386.0,395.0,384.1,384.49,35408.0
2025-09-11,SBI,386.0,395.0,384.1,384.49,35408.0
2025-09-12,SBI,386.0,395.0,384.1,384.49,35408.0
2025-09-13,SBI,386.0,395.0,384.1,384.49,35408.0
2025-09-14,SBI,386.0,395.0,384.1,384.49,35408.0
2025-09-15,SBI,386.0,395.0,384.1,384.49,35408.0
2025-09-16,SBI,386.0,395.0,384.1,384.49,35408.0
2025-09-17,SBI,386.0,395.0,384.1,384.49,35408.0
2025-09-18,SBI,376.9,376.9,376.9,376.9,50.0
2025-09-19,SBI,376.9,376.9,376.9,376.9,50.0
2025-09-20,SBI,376.9,376.9,376.9,376.9,50.0
2025-09-21,SBI,370.0,389.0,363.0,384.03,25820.0
2025-09-22,SBI,370.0,389.0,363.0,384.03,25820.0
2025-09-23,SBI,391.5,394.0,387.0,392.7,20379.0
2025-09-24,SBI,391.0,400.0,389.0,395.0,20603.0
2025-09-25,SBI,395.0,396.0,388.0,395.9,8475.0
2025-09-26,SBI,395.0,396.0,388.0,395.9,8475.0
2025-09-27,SBI,395.0,396.0,388.0,395.9,8475.0
2025-09-28,SBI,396.0,398.0,391.0,393.0,3248.0
2025-09-29,SBI,396.0,398.0,391.0,393.0,3248.0
2025-09-30,SBI,396.0,398.0,391.0,393.0,3248.0
2025-10-01,SBI,396.0,398.0,391.0,393.0,3248.0
2025-10-02,SBI,396.0,398.0,391.0,393.0,3248.0
2025-10-03,SBI,396.0,398.0,391.0,393.0,3248.0
2025-10-04,SBI,396.0,398.0,391.0,393.0,3248.0
2025-10-05,SBI,396.0,398.0,391.0,393.0,3248.0
2025-10-06,SBI,396.0,398.0,391.0,393.0,3248.0
2025-10-07,SBI,396.0,396.0,383.1,384.0,13295.0
2025-10-08,SBI,384.0,384.0,372.0,379.5,17904.0
2025-10-09,SBI,386.9,410.0,381.1,383.7,35439.0
2025-10-10,SBI,386.9,410.0,381.1,383.7,35439.0
2025-10-11,SBI,386.9,410.0,381.1,383.7,35439.0
2025-10-12,SBI,378.0,380.0,368.0,374.9,57477.0
2025-10-13,SBI,382.0,385.0,374.0,385.0,27498.0
2025-10-14,SBI,384.0,385.0,377.7,383.4,19256.0
2025-10-15,SBI,379.0,381.9,376.0,378.0,15360.0
2025-10-16,SBI,384.8,385.5,376.0,376.1,13570.0
2025-10-17,SBI,384.8,385.5,376.0,376.1,13570.0
2025-10-18,SBI,384.8,385.5,376.0,376.1,13570.0
2025-10-19,SBI,375.0,391.1,375.0,389.9,31829.0
2025-10-20,SBI,375.0,391.1,375.0,389.9,31829.0
2025-10-21,SBI,375.0,391.1,375.0,389.9,31829.0
2025-10-22,SBI,375.0,391.1,375.0,389.9,31829.0
